# Instrument response (observed / reference). Reference: a0v.dat. Method: raw obs/ref, Balmer-interpolated (±40 Å), tellurics preserved, off-telluric smooth FWHM=40 Å.
# wavelength_A  value
4002.3615  3.916647e+04
4010.0159  3.992544e+04
4017.6718  4.090926e+04
4025.3291  4.203990e+04
4032.9878  4.321651e+04
4040.6480  4.435866e+04
4048.3095  4.543307e+04
4055.9724  4.645075e+04
4063.6366  4.744294e+04
4071.3023  4.843653e+04
4078.9693  4.944333e+04
4086.6376  5.046300e+04
4094.3073  5.149083e+04
4101.9783  5.252329e+04
4109.6506  5.356066e+04
4117.3242  5.460957e+04
4124.9991  5.568738e+04
4132.6754  5.682661e+04
4140.3529  5.807316e+04
4148.0317  5.947122e+04
4155.7117  6.103478e+04
4163.3930  6.271978e+04
4171.0755  6.442117e+04
4178.7593  6.601073e+04
4186.4443  6.740323e+04
4194.1305  6.860915e+04
4201.8180  6.973140e+04
4209.5066  7.090149e+04
4217.1964  7.220001e+04
4224.8875  7.361940e+04
4232.5796  7.508764e+04
4240.2730  7.651733e+04
4247.9675  7.783843e+04
4255.6632  7.901118e+04
4263.3599  8.003990e+04
4271.0579  8.098729e+04
4278.7569  8.196212e+04
4286.4570  8.306846e+04
4294.1583  8.435008e+04
4301.8606  8.577779e+04
4309.5641  8.728577e+04
4317.2685  8.881749e+04
4324.9741  9.034556e+04
4332.6807  9.186486e+04
4340.3884  9.337870e+04
4348.0971  9.489093e+04
4355.8068  9.640465e+04
4363.5176  9.792360e+04
4371.2293  9.945373e+04
4378.9421  1.010035e+05
4386.6558  1.025825e+05
4394.3706  1.041985e+05
4402.0863  1.058540e+05
4409.8029  1.075418e+05
4417.5206  1.092425e+05
4425.2391  1.109281e+05
4432.9587  1.125767e+05
4440.6791  1.141918e+05
4448.4005  1.158063e+05
4456.1227  1.174557e+05
4463.8459  1.191353e+05
4471.5700  1.207863e+05
4479.2949  1.223361e+05
4487.0207  1.237668e+05
4494.7474  1.251518e+05
4502.4750  1.266232e+05
4510.2033  1.282903e+05
4517.9326  1.301778e+05
4525.6626  1.322264e+05
4533.3935  1.343451e+05
4541.1252  1.364607e+05
4548.8577  1.385370e+05
4556.5909  1.405704e+05
4564.3250  1.425701e+05
4572.0598  1.445254e+05
4579.7954  1.463874e+05
4587.5318  1.480959e+05
4595.2689  1.496354e+05
4603.0067  1.510603e+05
4610.7453  1.524574e+05
4618.4846  1.538815e+05
4626.2246  1.553272e+05
4633.9653  1.567583e+05
4641.7067  1.581596e+05
4649.4488  1.595552e+05
4657.1915  1.609748e+05
4664.9349  1.624071e+05
4672.6790  1.637990e+05
4680.4237  1.651132e+05
4688.1691  1.663843e+05
4695.9150  1.677085e+05
4703.6616  1.691720e+05
4711.4089  1.707811e+05
4719.1567  1.724579e+05
4726.9051  1.740974e+05
4734.6541  1.756376e+05
4742.4036  1.770815e+05
4750.1538  1.784614e+05
4757.9045  1.797849e+05
4765.6557  1.810243e+05
4773.4075  1.821660e+05
4781.1598  1.832631e+05
4788.9126  1.844225e+05
4796.6659  1.857247e+05
4804.4198  1.871548e+05
4812.1741  1.886098e+05
4819.9289  1.899729e+05
4827.6842  1.911829e+05
4835.4399  1.922470e+05
4843.1961  1.932103e+05
4850.9528  1.941196e+05
4858.7099  1.950067e+05
4866.4674  1.958917e+05
4874.2253  1.967940e+05
4881.9837  1.977463e+05
4889.7424  1.988010e+05
4897.5016  2.000143e+05
4905.2611  2.014019e+05
4913.0210  2.028921e+05
4920.7813  2.043290e+05
4928.5419  2.055487e+05
4936.3029  2.064762e+05
4944.0642  2.071607e+05
4951.8258  2.077333e+05
4959.5878  2.083429e+05
4967.3501  2.091168e+05
4975.1126  2.101316e+05
4982.8755  2.113843e+05
4990.6386  2.127830e+05
4998.4021  2.141790e+05
5006.1658  2.154198e+05
5013.9297  2.164004e+05
5021.6939  2.170998e+05
5029.4583  2.175883e+05
5037.2230  2.179888e+05
5044.9879  2.184127e+05
5052.7530  2.189184e+05
5060.5182  2.195109e+05
5068.2837  2.201640e+05
5076.0494  2.208402e+05
5083.8152  2.215046e+05
5091.5813  2.221369e+05
5099.3474  2.227430e+05
5107.1137  2.233639e+05
5114.8802  2.240690e+05
5122.6468  2.249254e+05
5130.4135  2.259716e+05
5138.1803  2.272189e+05
5145.9472  2.286550e+05
5153.7142  2.302175e+05
5161.4813  2.317686e+05
5169.2485  2.331360e+05
5177.0157  2.342105e+05
5184.7830  2.349974e+05
5192.5503  2.355649e+05
5200.3177  2.359607e+05
5208.0851  2.361985e+05
5215.8525  2.363127e+05
5223.6200  2.363955e+05
5231.3874  2.365775e+05
5239.1548  2.369867e+05
5246.9223  2.377035e+05
5254.6897  2.386926e+05
5262.4570  2.397483e+05
5270.2243  2.405608e+05
5277.9916  2.409206e+05
5285.7588  2.408940e+05
5293.5259  2.407813e+05
5301.2930  2.408809e+05
5309.0599  2.412797e+05
5316.8268  2.418393e+05
5324.5936  2.423466e+05
5332.3602  2.426843e+05
5340.1267  2.429063e+05
5347.8931  2.431832e+05
5355.6593  2.436556e+05
5363.4254  2.443133e+05
5371.1913  2.450191e+05
5378.9571  2.456473e+05
5386.7227  2.461776e+05
5394.4881  2.466525e+05
5402.2533  2.470868e+05
5410.0182  2.474478e+05
5417.7830  2.477006e+05
5425.5476  2.478358e+05
5433.3119  2.478626e+05
5441.0759  2.478075e+05
5448.8397  2.477245e+05
5456.6033  2.476846e+05
5464.3666  2.477419e+05
5472.1296  2.479114e+05
5479.8923  2.481788e+05
5487.6547  2.485191e+05
5495.4168  2.488957e+05
5503.1786  2.492525e+05
5510.9401  2.495216e+05
5518.7012  2.496451e+05
5526.4620  2.495890e+05
5534.2225  2.493530e+05
5541.9825  2.489878e+05
5549.7423  2.486020e+05
5557.5016  2.483283e+05
5565.2605  2.482602e+05
5573.0191  2.484067e+05
5580.7772  2.486937e+05
5588.5349  2.489930e+05
5596.2922  2.491636e+05
5604.0491  2.491000e+05
5611.8055  2.487776e+05
5619.5615  2.482717e+05
5627.3170  2.477361e+05
5635.0721  2.473342e+05
5642.8266  2.471455e+05
5650.5807  2.471124e+05
5658.3343  2.470812e+05
5666.0873  2.469133e+05
5673.8399  2.465635e+05
5681.5919  2.460600e+05
5689.3434  2.454332e+05
5697.0944  2.446908e+05
5704.8448  2.438622e+05
5712.5946  2.430441e+05
5720.3439  2.423781e+05
5728.0926  2.419672e+05
5735.8407  2.418116e+05
5743.5882  2.418331e+05
5751.3351  2.419613e+05
5759.0814  2.421935e+05
5766.8270  2.425640e+05
5774.5721  2.430643e+05
5782.3165  2.436074e+05
5790.0602  2.440667e+05
5797.8033  2.443376e+05
5805.5457  2.443726e+05
5813.2874  2.441886e+05
5821.0284  2.438584e+05
5828.7688  2.434766e+05
5836.5084  2.431053e+05
5844.2473  2.427454e+05
5851.9855  2.423697e+05
5859.7230  2.419748e+05
5867.4597  2.415736e+05
5875.1957  2.411256e+05
5882.9309  2.405049e+05
5890.6653  2.395863e+05
5898.3990  2.383861e+05
5906.1318  2.371040e+05
5913.8639  2.360107e+05
5921.5952  2.352879e+05
5929.3256  2.349585e+05
5937.0553  2.349281e+05
5944.7841  2.350683e+05
5952.5120  2.352810e+05
5960.2391  2.355247e+05
5967.9654  2.358011e+05
5975.6907  2.361207e+05
5983.4152  2.364788e+05
5991.1388  2.368588e+05
5998.8615  2.372493e+05
6006.5833  2.376441e+05
6014.3042  2.380254e+05
6022.0242  2.383561e+05
6029.7432  2.385972e+05
6037.4613  2.387354e+05
6045.1784  2.387982e+05
6052.8946  2.388436e+05
6060.6098  2.389303e+05
6068.3241  2.390824e+05
6076.0373  2.392692e+05
6083.7495  2.394195e+05
6091.4608  2.394655e+05
6099.1710  2.393850e+05
6106.8802  2.392163e+05
6114.5884  2.390450e+05
6122.2955  2.389728e+05
6130.0016  2.390707e+05
6137.7066  2.393253e+05
6145.4105  2.396179e+05
6153.1134  2.397726e+05
6160.8152  2.396587e+05
6168.5159  2.392703e+05
6176.2154  2.387235e+05
6183.9139  2.381871e+05
6191.6112  2.378096e+05
6199.3074  2.376720e+05
6207.0025  2.377596e+05
6214.6964  2.379566e+05
6222.3892  2.380841e+05
6230.0807  2.379808e+05
6237.7712  2.375858e+05
6245.4604  2.369735e+05
6253.1484  2.363074e+05
6260.8352  2.357287e+05
6268.5208  2.352604e+05
6276.2052  2.348177e+05
6283.8883  2.343194e+05
6291.5702  2.337789e+05
6299.2509  2.332795e+05
6306.9303  2.328832e+05
6314.6084  2.325916e+05
6322.2852  2.323787e+05
6329.9608  2.322260e+05
6337.6351  2.321123e+05
6345.3080  2.320016e+05
6352.9797  2.318648e+05
6360.6500  2.317087e+05
6368.3190  2.315672e+05
6375.9866  2.314649e+05
6383.6529  2.313967e+05
6391.3178  2.313371e+05
6398.9814  2.312551e+05
6406.6436  2.311133e+05
6414.3044  2.308662e+05
6421.9638  2.304790e+05
6429.6218  2.299517e+05
6437.2784  2.293147e+05
6444.9335  2.285973e+05
6452.5872  2.278183e+05
6460.2395  2.270150e+05
6467.8904  2.262631e+05
6475.5397  2.256437e+05
6483.1876  2.251839e+05
6490.8341  2.248426e+05
6498.4790  2.245534e+05
6506.1224  2.242753e+05
6513.7644  2.239979e+05
6521.4048  2.237176e+05
6529.0437  2.234222e+05
6536.6811  2.230992e+05
6544.3169  2.227467e+05
6551.9512  2.223726e+05
6559.5839  2.219876e+05
6567.2151  2.216014e+05
6574.8446  2.212253e+05
6582.4726  2.208798e+05
6590.0990  2.206013e+05
6597.7238  2.204412e+05
6605.3469  2.204519e+05
6612.9685  2.206619e+05
6620.5884  2.210578e+05
6628.2067  2.215881e+05
6635.8233  2.221889e+05
6643.4383  2.228048e+05
6651.0516  2.233854e+05
6658.6632  2.238654e+05
6666.2731  2.241652e+05
6673.8813  2.242280e+05
6681.4879  2.240664e+05
6689.0927  2.237664e+05
6696.6958  2.234341e+05
6704.2971  2.231317e+05
6711.8967  2.228580e+05
6719.4946  2.225804e+05
6727.0907  2.222751e+05
6734.6851  2.219371e+05
6742.2776  2.215634e+05
6749.8684  2.211380e+05
6757.4574  2.206325e+05
6765.0445  2.200183e+05
6772.6299  2.192800e+05
6780.2134  2.184255e+05
6787.7951  2.174871e+05
6795.3750  2.165065e+05
6802.9530  2.155076e+05
6810.5292  2.144568e+05
6818.1035  2.132239e+05
6825.6759  2.115682e+05
6833.2464  2.091991e+05
6840.8150  2.104935e+05
6848.3817  2.046373e+05
6855.9466  1.959136e+05
6863.5094  1.885555e+05
6871.0704  1.855179e+05
6878.6294  1.846019e+05
6886.1865  1.847434e+05
6893.7416  1.880431e+05
6901.2947  1.896842e+05
6908.8459  1.904715e+05
6916.3950  1.909980e+05
6923.9422  1.913416e+05
6931.4874  1.916707e+05
6939.0305  1.920789e+05
6946.5717  1.925356e+05
6954.1108  1.929419e+05
6961.6478  1.932076e+05
6969.1828  1.932970e+05
6976.7158  1.932416e+05
6984.2467  1.931290e+05
6991.7755  1.930640e+05
6999.3022  1.931173e+05
7006.8268  1.932933e+05
7014.3494  1.935348e+05
7021.8698  1.937547e+05
7029.3880  1.938732e+05
7036.9042  1.938470e+05
7044.4182  1.936872e+05
7051.9301  1.934546e+05
7059.4398  1.932291e+05
7066.9473  1.930664e+05
7074.4527  1.929744e+05
7081.9558  1.929199e+05
7089.4568  1.928374e+05
7096.9556  1.926123e+05
7104.4521  1.920535e+05
7111.9465  1.909013e+05
7119.4386  1.888899e+05
7126.9285  1.858445e+05
7134.4161  1.817797e+05
7141.9014  1.769792e+05
7149.3845  1.720146e+05
7156.8653  1.676362e+05
7164.3438  1.574020e+05
7171.8201  1.581108e+05
7179.2940  1.600894e+05
7186.7656  1.646852e+05
7194.2349  1.676797e+05
7201.7019  1.698087e+05
7209.1665  1.619891e+05
7216.6287  1.579306e+05
7224.0886  1.560386e+05
7231.5462  1.548771e+05
7239.0013  1.544119e+05
7246.4541  1.543405e+05
7253.9045  1.543952e+05
7261.3525  1.545204e+05
7268.7981  1.548368e+05
7276.2412  1.554927e+05
7283.6819  1.565481e+05
7291.1202  1.579550e+05
7298.5560  1.595964e+05
7305.9894  1.613249e+05
7313.4203  1.629912e+05
7320.8487  1.644769e+05
7328.2746  1.657289e+05
7335.6980  1.667670e+05
7343.1190  1.676474e+05
7350.5374  1.684097e+05
7357.9533  1.690496e+05
7365.3667  1.695376e+05
7372.7775  1.698656e+05
7380.1858  1.700802e+05
7387.5915  1.702663e+05
7394.9946  1.704827e+05
7402.3952  1.707096e+05
7409.7932  1.708726e+05
7417.1886  1.709273e+05
7424.5814  1.709158e+05
7431.9716  1.709297e+05
7439.3591  1.710139e+05
7446.7440  1.711035e+05
7454.1263  1.710483e+05
7461.5059  1.707082e+05
7468.8829  1.700478e+05
7476.2572  1.691600e+05
7483.6289  1.681899e+05
7490.9978  1.672088e+05
7498.3641  1.661403e+05
7505.7276  1.647893e+05
7513.0884  1.629186e+05
7520.4466  1.602797e+05
7527.8019  1.565912e+05
7535.1546  1.515631e+05
7542.5045  1.450412e+05
7549.8516  1.372038e+05
7557.1960  1.286558e+05
7564.5376  1.162568e+05
7571.8764  1.064890e+05
7579.2124  1.008731e+05
7586.5456  9.774096e+04
7593.8760  9.858271e+04
7601.2035  1.045365e+05
7608.5283  1.112783e+05
7615.8502  1.144506e+05
7623.1692  1.168121e+05
7630.4854  1.242452e+05
7637.7988  1.290576e+05
7645.1092  1.334310e+05
7652.4168  1.370977e+05
7659.7214  1.400051e+05
7667.0232  1.422992e+05
7674.3221  1.441880e+05
7681.6180  1.457929e+05
7688.9110  1.470802e+05
7696.2010  1.479082e+05
7703.4882  1.481632e+05
7710.7723  1.478872e+05
7718.0535  1.472847e+05
7725.3317  1.466053e+05
7732.6069  1.460227e+05
7739.8792  1.456192e+05
7747.1484  1.454395e+05
7754.4146  1.454909e+05
7761.6778  1.456634e+05
7768.9380  1.456962e+05
7776.1951  1.453062e+05
7783.4492  1.443983e+05
7790.7002  1.431444e+05
7797.9481  1.418430e+05
7805.1930  1.407013e+05
7812.4348  1.397349e+05
7819.6735  1.388271e+05
7826.9091  1.378507e+05
7834.1415  1.367496e+05
7841.3709  1.355521e+05
7848.5971  1.343342e+05
7855.8202  1.331608e+05
7863.0401  1.320429e+05
7870.2569  1.309466e+05
7877.4705  1.298498e+05
7884.6810  1.287935e+05
7891.8882  1.278797e+05
7899.0923  1.272154e+05
7906.2931  1.268455e+05
7913.4908  1.267216e+05
7920.6852  1.267262e+05
7927.8764  1.267321e+05
7935.0643  1.266445e+05
7942.2490  1.263908e+05
7949.4305  1.258964e+05
7956.6087  1.251058e+05
7963.7836  1.240442e+05
7970.9552  1.228420e+05
7978.1235  1.216743e+05
7985.2885  1.206707e+05
7992.4502  1.198785e+05
7999.6086  1.192910e+05
