# Instrument response (observed / reference). Reference: a0v.dat. Method: spline through 14 anchors.
# wavelength_A  value
4003.6697  2.033638e+04
4011.2624  2.097395e+04
4018.8567  2.162294e+04
4026.4526  2.228311e+04
4034.0500  2.295422e+04
4041.6490  2.363603e+04
4049.2495  2.432830e+04
4056.8515  2.503081e+04
4064.4550  2.574330e+04
4072.0600  2.646554e+04
4079.6666  2.719730e+04
4087.2746  2.793832e+04
4094.8841  2.868838e+04
4102.4951  2.944723e+04
4110.1075  3.021463e+04
4117.7214  3.099034e+04
4125.3368  3.177412e+04
4132.9536  3.256573e+04
4140.5718  3.336492e+04
4148.1915  3.417146e+04
4155.8126  3.498511e+04
4163.4351  3.580561e+04
4171.0590  3.663273e+04
4178.6843  3.746622e+04
4186.3109  3.830585e+04
4193.9390  3.915136e+04
4201.5684  4.000251e+04
4209.1993  4.085907e+04
4216.8314  4.172077e+04
4224.4649  4.258739e+04
4232.0998  4.345867e+04
4239.7360  4.433436e+04
4247.3735  4.521423e+04
4255.0123  4.609803e+04
4262.6524  4.698551e+04
4270.2939  4.787642e+04
4277.9366  4.877052e+04
4285.5806  4.966755e+04
4293.2259  5.056728e+04
4300.8725  5.146946e+04
4308.5204  5.237383e+04
4316.1694  5.328015e+04
4323.8198  5.418817e+04
4331.4713  5.509765e+04
4339.1242  5.600832e+04
4346.7782  5.691995e+04
4354.4334  5.783229e+04
4362.0899  5.874508e+04
4369.7475  5.965808e+04
4377.4064  6.057103e+04
4385.0664  6.148369e+04
4392.7276  6.239580e+04
4400.3900  6.330712e+04
4408.0535  6.421739e+04
4415.7182  6.512636e+04
4423.3840  6.603378e+04
4431.0510  6.693940e+04
4438.7191  6.784296e+04
4446.3883  6.874423e+04
4454.0586  6.964293e+04
4461.7300  7.053882e+04
4469.4026  7.143166e+04
4477.0762  7.232117e+04
4484.7509  7.320712e+04
4492.4266  7.408925e+04
4500.1035  7.496730e+04
4507.7814  7.584104e+04
4515.4603  7.671038e+04
4523.1403  7.757532e+04
4530.8213  7.843589e+04
4538.5034  7.929208e+04
4546.1864  8.014391e+04
4553.8705  8.099138e+04
4561.5556  8.183451e+04
4569.2417  8.267330e+04
4576.9287  8.350776e+04
4584.6168  8.433790e+04
4592.3058  8.516373e+04
4599.9958  8.598526e+04
4607.6867  8.680250e+04
4615.3786  8.761546e+04
4623.0714  8.842414e+04
4630.7651  8.922855e+04
4638.4598  9.002871e+04
4646.1554  9.082463e+04
4653.8519  9.161631e+04
4661.5493  9.240376e+04
4669.2476  9.318699e+04
4676.9467  9.396601e+04
4684.6468  9.474083e+04
4692.3477  9.551146e+04
4700.0495  9.627791e+04
4707.7521  9.704019e+04
4715.4556  9.779831e+04
4723.1599  9.855228e+04
4730.8650  9.930210e+04
4738.5710  1.000478e+05
4746.2778  1.007894e+05
4753.9854  1.015268e+05
4761.6937  1.022602e+05
4769.4029  1.029894e+05
4777.1129  1.037146e+05
4784.8236  1.044357e+05
4792.5351  1.051527e+05
4800.2473  1.058657e+05
4807.9603  1.065746e+05
4815.6741  1.072795e+05
4823.3886  1.079803e+05
4831.1038  1.086772e+05
4838.8197  1.093700e+05
4846.5363  1.100587e+05
4854.2537  1.107432e+05
4861.9717  1.114232e+05
4869.6904  1.120986e+05
4877.4098  1.127691e+05
4885.1299  1.134347e+05
4892.8506  1.140951e+05
4900.5720  1.147501e+05
4908.2941  1.153996e+05
4916.0168  1.160434e+05
4923.7401  1.166813e+05
4931.4640  1.173131e+05
4939.1886  1.179387e+05
4946.9137  1.185578e+05
4954.6395  1.191703e+05
4962.3659  1.197760e+05
4970.0928  1.203747e+05
4977.8203  1.209662e+05
4985.5484  1.215504e+05
4993.2771  1.221271e+05
5001.0063  1.226960e+05
5008.7360  1.232571e+05
5016.4663  1.238101e+05
5024.1971  1.243549e+05
5031.9285  1.248912e+05
5039.6603  1.254189e+05
5047.3927  1.259378e+05
5055.1255  1.264477e+05
5062.8589  1.269485e+05
5070.5927  1.274399e+05
5078.3270  1.279218e+05
5086.0618  1.283940e+05
5093.7970  1.288563e+05
5101.5327  1.293086e+05
5109.2688  1.297506e+05
5117.0054  1.301821e+05
5124.7424  1.306031e+05
5132.4798  1.310132e+05
5140.2176  1.314124e+05
5147.9558  1.318004e+05
5155.6945  1.321771e+05
5163.4335  1.325422e+05
5171.1729  1.328957e+05
5178.9126  1.332374e+05
5186.6528  1.335675e+05
5194.3932  1.338861e+05
5202.1341  1.341934e+05
5209.8752  1.344894e+05
5217.6167  1.347744e+05
5225.3586  1.350484e+05
5233.1007  1.353115e+05
5240.8432  1.355639e+05
5248.5859  1.358058e+05
5256.3290  1.360372e+05
5264.0723  1.362583e+05
5271.8159  1.364691e+05
5279.5598  1.366700e+05
5287.3040  1.368608e+05
5295.0484  1.370419e+05
5302.7930  1.372133e+05
5310.5379  1.373751e+05
5318.2830  1.375275e+05
5326.0284  1.376707e+05
5333.7739  1.378046e+05
5341.5197  1.379296e+05
5349.2656  1.380456e+05
5357.0118  1.381529e+05
5364.7581  1.382515e+05
5372.5046  1.383416e+05
5380.2513  1.384233e+05
5387.9981  1.384968e+05
5395.7451  1.385622e+05
5403.4923  1.386195e+05
5411.2395  1.386690e+05
5418.9869  1.387108e+05
5426.7345  1.387449e+05
5434.4821  1.387716e+05
5442.2298  1.387910e+05
5449.9776  1.388031e+05
5457.7256  1.388081e+05
5465.4736  1.388063e+05
5473.2216  1.387975e+05
5480.9698  1.387821e+05
5488.7180  1.387601e+05
5496.4662  1.387317e+05
5504.2145  1.386971e+05
5511.9628  1.386562e+05
5519.7112  1.386095e+05
5527.4595  1.385571e+05
5535.2079  1.384992e+05
5542.9563  1.384360e+05
5550.7047  1.383678e+05
5558.4530  1.382947e+05
5566.2013  1.382170e+05
5573.9496  1.381349e+05
5581.6979  1.380486e+05
5589.4461  1.379583e+05
5597.1943  1.378642e+05
5604.9424  1.377666e+05
5612.6905  1.376656e+05
5620.4384  1.375615e+05
5628.1863  1.374544e+05
5635.9341  1.373447e+05
5643.6818  1.372325e+05
5651.4293  1.371180e+05
5659.1768  1.370014e+05
5666.9241  1.368830e+05
5674.6713  1.367629e+05
5682.4184  1.366415e+05
5690.1653  1.365188e+05
5697.9121  1.363951e+05
5705.6587  1.362706e+05
5713.4051  1.361456e+05
5721.1514  1.360202e+05
5728.8974  1.358947e+05
5736.6433  1.357693e+05
5744.3890  1.356441e+05
5752.1344  1.355194e+05
5759.8796  1.353955e+05
5767.6247  1.352724e+05
5775.3694  1.351506e+05
5783.1140  1.350300e+05
5790.8582  1.349111e+05
5798.6023  1.347939e+05
5806.3460  1.346787e+05
5814.0895  1.345657e+05
5821.8327  1.344551e+05
5829.5756  1.343471e+05
5837.3182  1.342420e+05
5845.0606  1.341398e+05
5852.8026  1.340402e+05
5860.5442  1.339433e+05
5868.2856  1.338489e+05
5876.0266  1.337568e+05
5883.7673  1.336670e+05
5891.5076  1.335793e+05
5899.2475  1.334936e+05
5906.9871  1.334098e+05
5914.7263  1.333278e+05
5922.4652  1.332475e+05
5930.2036  1.331687e+05
5937.9416  1.330913e+05
5945.6793  1.330151e+05
5953.4165  1.329402e+05
5961.1533  1.328663e+05
5968.8896  1.327934e+05
5976.6255  1.327213e+05
5984.3610  1.326499e+05
5992.0960  1.325790e+05
5999.8306  1.325087e+05
6007.5647  1.324386e+05
6015.2983  1.323688e+05
6023.0314  1.322991e+05
6030.7640  1.322294e+05
6038.4961  1.321595e+05
6046.2277  1.320894e+05
6053.9588  1.320189e+05
6061.6894  1.319480e+05
6069.4194  1.318764e+05
6077.1489  1.318041e+05
6084.8779  1.317310e+05
6092.6062  1.316569e+05
6100.3341  1.315817e+05
6108.0613  1.315053e+05
6115.7880  1.314276e+05
6123.5141  1.313484e+05
6131.2395  1.312677e+05
6138.9644  1.311853e+05
6146.6887  1.311012e+05
6154.4123  1.310151e+05
6162.1353  1.309270e+05
6169.8577  1.308367e+05
6177.5795  1.307443e+05
6185.3005  1.306497e+05
6193.0210  1.305530e+05
6200.7407  1.304542e+05
6208.4598  1.303533e+05
6216.1782  1.302504e+05
6223.8959  1.301454e+05
6231.6129  1.300384e+05
6239.3292  1.299293e+05
6247.0448  1.298184e+05
6254.7597  1.297054e+05
6262.4738  1.295905e+05
6270.1872  1.294738e+05
6277.8999  1.293551e+05
6285.6117  1.292346e+05
6293.3229  1.291122e+05
6301.0332  1.289880e+05
6308.7428  1.288621e+05
6316.4516  1.287343e+05
6324.1596  1.286048e+05
6331.8668  1.284736e+05
6339.5732  1.283407e+05
6347.2788  1.282060e+05
6354.9836  1.280698e+05
6362.6875  1.279318e+05
6370.3906  1.277923e+05
6378.0928  1.276512e+05
6385.7942  1.275085e+05
6393.4947  1.273642e+05
6401.1943  1.272184e+05
6408.8930  1.270711e+05
6416.5909  1.269224e+05
6424.2879  1.267721e+05
6431.9840  1.266204e+05
6439.6791  1.264673e+05
6447.3733  1.263129e+05
6455.0667  1.261570e+05
6462.7590  1.259998e+05
6470.4505  1.258412e+05
6478.1409  1.256814e+05
6485.8305  1.255203e+05
6493.5190  1.253579e+05
6501.2066  1.251942e+05
6508.8932  1.250293e+05
6516.5788  1.248630e+05
6524.2634  1.246951e+05
6531.9470  1.245256e+05
6539.6296  1.243544e+05
6547.3111  1.241813e+05
6554.9917  1.240062e+05
6562.6712  1.238290e+05
6570.3496  1.236496e+05
6578.0270  1.234679e+05
6585.7033  1.232837e+05
6593.3786  1.230970e+05
6601.0528  1.229076e+05
6608.7259  1.227154e+05
6616.3979  1.225202e+05
6624.0688  1.223221e+05
6631.7386  1.221208e+05
6639.4073  1.219163e+05
6647.0749  1.217084e+05
6654.7413  1.214970e+05
6662.4066  1.212820e+05
6670.0707  1.210634e+05
6677.7337  1.208409e+05
6685.3955  1.206144e+05
6693.0562  1.203839e+05
6700.7156  1.201492e+05
6708.3739  1.199103e+05
6716.0310  1.196669e+05
6723.6869  1.194191e+05
6731.3415  1.191666e+05
6738.9950  1.189094e+05
6746.6472  1.186473e+05
6754.2982  1.183803e+05
6761.9479  1.181082e+05
6769.5964  1.178310e+05
6777.2437  1.175484e+05
6784.8896  1.172604e+05
6792.5343  1.169669e+05
6800.1778  1.166677e+05
6807.8199  1.163628e+05
6815.4607  1.160521e+05
6823.1002  1.157353e+05
6830.7384  1.154125e+05
6838.3753  1.150836e+05
6846.0109  1.147489e+05
6853.6451  1.144086e+05
6861.2780  1.140632e+05
6868.9095  1.137130e+05
6876.5397  1.133582e+05
6884.1684  1.129992e+05
6891.7959  1.126363e+05
6899.4219  1.122699e+05
6907.0465  1.119003e+05
6914.6698  1.115277e+05
6922.2916  1.111526e+05
6929.9120  1.107752e+05
6937.5310  1.103959e+05
6945.1486  1.100150e+05
6952.7647  1.096328e+05
6960.3794  1.092496e+05
6967.9926  1.088657e+05
6975.6043  1.084815e+05
6983.2146  1.080974e+05
6990.8234  1.077135e+05
6998.4307  1.073302e+05
7006.0365  1.069479e+05
7013.6409  1.065669e+05
7021.2437  1.061875e+05
7028.8450  1.058100e+05
7036.4447  1.054346e+05
7044.0429  1.050619e+05
7051.6396  1.046920e+05
7059.2348  1.043252e+05
7066.8284  1.039620e+05
7074.4204  1.036025e+05
7082.0108  1.032472e+05
7089.5997  1.028963e+05
7097.1869  1.025502e+05
7104.7726  1.022091e+05
7112.3567  1.018734e+05
7119.9391  1.015433e+05
7127.5200  1.012193e+05
7135.0992  1.009016e+05
7142.6767  1.005906e+05
7150.2527  1.002864e+05
7157.8269  9.998952e+04
7165.3995  9.970018e+04
7172.9705  9.941844e+04
7180.5397  9.914398e+04
7188.1073  9.887646e+04
7195.6732  9.861553e+04
7203.2374  9.836087e+04
7210.7999  9.811213e+04
7218.3607  9.786897e+04
7225.9197  9.763106e+04
7233.4770  9.739805e+04
7241.0326  9.716962e+04
7248.5864  9.694541e+04
7256.1385  9.672510e+04
7263.6888  9.650835e+04
7271.2374  9.629482e+04
7278.7841  9.608418e+04
7286.3291  9.587610e+04
7293.8723  9.567024e+04
7301.4137  9.546626e+04
7308.9532  9.526384e+04
7316.4910  9.506263e+04
7324.0269  9.486232e+04
7331.5610  9.466256e+04
7339.0932  9.446302e+04
7346.6237  9.426338e+04
7354.1522  9.406330e+04
7361.6789  9.386245e+04
7369.2037  9.366051e+04
7376.7266  9.345715e+04
7384.2476  9.325203e+04
7391.7668  9.304483e+04
7399.2840  9.283522e+04
7406.7994  9.262287e+04
7414.3128  9.240747e+04
7421.8242  9.218867e+04
7429.3338  9.196616e+04
7436.8414  9.173962e+04
7444.3470  9.150871e+04
7451.8507  9.127312e+04
7459.3524  9.103251e+04
7466.8522  9.078658e+04
7474.3499  9.053499e+04
7481.8457  9.027743e+04
7489.3395  9.001356e+04
7496.8312  8.974309e+04
7504.3210  8.946583e+04
7511.8087  8.918196e+04
7519.2944  8.889166e+04
7526.7780  8.859512e+04
7534.2596  8.829254e+04
7541.7392  8.798410e+04
7549.2167  8.767001e+04
7556.6921  8.735045e+04
7564.1655  8.702562e+04
7571.6367  8.669569e+04
7579.1059  8.636088e+04
7586.5730  8.602135e+04
7594.0379  8.567732e+04
7601.5008  8.532895e+04
7608.9615  8.497645e+04
7616.4201  8.462001e+04
7623.8765  8.425980e+04
7631.3308  8.389603e+04
7638.7829  8.352887e+04
7646.2329  8.315852e+04
7653.6807  8.278517e+04
7661.1263  8.240899e+04
7668.5697  8.203019e+04
7676.0110  8.164893e+04
7683.4500  8.126542e+04
7690.8868  8.087984e+04
7698.3214  8.049237e+04
7705.7538  8.010320e+04
7713.1839  7.971251e+04
7720.6118  7.932048e+04
7728.0375  7.892731e+04
7735.4608  7.853318e+04
7742.8820  7.813827e+04
7750.3008  7.774276e+04
7757.7174  7.734683e+04
7765.1316  7.695068e+04
7772.5436  7.655447e+04
7779.9533  7.615840e+04
7787.3606  7.576265e+04
7794.7656  7.536739e+04
7802.1683  7.497281e+04
7809.5687  7.457909e+04
7816.9667  7.418641e+04
7824.3624  7.379494e+04
7831.7557  7.340488e+04
7839.1466  7.301639e+04
7846.5352  7.262966e+04
7853.9213  7.224486e+04
7861.3051  7.186218e+04
7868.6865  7.148179e+04
7876.0655  7.110387e+04
7883.4420  7.072859e+04
7890.8161  7.035614e+04
7898.1878  6.998669e+04
7905.5571  6.962041e+04
7912.9239  6.925748e+04
7920.2882  6.889808e+04
7927.6501  6.854238e+04
7935.0095  6.819056e+04
7942.3665  6.784278e+04
7949.7209  6.749923e+04
7957.0729  6.716008e+04
7964.4223  6.682550e+04
7971.7692  6.649566e+04
7979.1137  6.617074e+04
7986.4556  6.585091e+04
7993.7949  6.553633e+04
