3505,000000	0,926988845487124
3506,870833	0,926571172633973
3508,741667	0,926152631282059
3510,612500	0,925732351517397
3512,483333	0,925309374765215
3514,354167	0,924882602827313
3516,225000	0,924450904992447
3518,095833	0,924012904799916
3519,966667	0,923567062138524
3521,837500	0,92311174565581
3523,708333	0,922644951507858
3525,579167	0,922164575902669
3527,450000	0,921668392146471
3529,320833	0,921153970525
3531,191667	0,920618879092766
3533,062500	0,920060903638156
3534,933333	0,919477981971844
3536,804167	0,918868227479704
3538,675000	0,918230521317496
3540,545833	0,917563963820257
3542,416667	0,91686812000371
3544,287500	0,916143360266505
3546,158333	0,915390175318185
3548,029167	0,914609611591572
3549,900000	0,91380312225488
3551,770833	0,912972266273368
3553,641667	0,912119055783705
3555,512500	0,911245638158072
3557,383333	0,910354383070779
3559,254167	0,909448064551473
3561,125000	0,90852952278822
3562,995833	0,907601944820151
3564,866667	0,90666878375574
3566,737500	0,905733493866608
3568,608333	0,904799501532515
3570,479167	0,903870222376054
3572,350000	0,902948829133593
3574,220833	0,902038030684643
3576,091667	0,901140461377914
3577,962500	0,900258398818544
3579,833333	0,899393833835153
3581,704167	0,898548681589236
3583,575000	0,897724503812662
3585,445833	0,896922745307619
3587,316667	0,896144614844053
3589,187500	0,895390847914081
3591,058333	0,894662109192564
3592,929167	0,893958817573957
3594,800000	0,893281184929792
3596,670833	0,892629438779812
3598,541667	0,892003928800604
3600,412500	0,891405047403422
3602,283333	0,890833317091668
3604,154167	0,890289534407773
3606,025000	0,889774543953494
3607,895833	0,889289438114227
3609,766667	0,888835527944105
3611,637500	0,888414081698948
3613,508333	0,888026074126863
3615,379167	0,887672373088658
3617,250000	0,887353695503107
3619,120833	0,887070424351924
3620,991667	0,886822895771621
3622,862500	0,886611404838379
3624,733333	0,886436208666336
3626,604167	0,886297647274359
3628,475000	0,886196580602781
3630,345833	0,886134067628672
3632,216667	0,886111447336709
3634,087500	0,886130709728121
3635,958333	0,886193964322773
3637,829167	0,886303908738216
3639,700000	0,886463810193279
3641,570833	0,886677091852978
3643,441667	0,886948040995417
3645,312500	0,887281291958073
3647,183333	0,887681759821191
3649,054167	0,888155044869811
3650,925000	0,888706881215954
3652,795833	0,889343732082709
3654,666667	0,890072800471973
3656,537500	0,890901538685917
3658,408333	0,891838890085038
3660,279167	0,892894427749237
3662,150000	0,894078301277114
3664,020833	0,895402140003907
3665,891667	0,896877841948887
3667,762500	0,898518170074627
3669,633333	0,900336806704576
3671,504167	0,902347593975354
3673,375000	0,904565215352714
3675,245833	0,907004727224009
3677,116667	0,909681221254088
3678,987500	0,912609880252566
3680,858333	0,915805881197649
3682,729167	0,919283806237302
3684,600000	0,923057575156319
3686,470833	0,927140892712064
3688,341667	0,931546070132464
3690,212500	0,936284768877536
3692,083333	0,941368077523069
3693,954167	0,946805458930774
3695,825000	0,952606049230689
3697,695833	0,958777798380932
3699,566667	0,9653272725146
3701,437500	0,972260680690736
3703,308333	0,979581948177816
3705,179167	0,987293881899559
3707,050000	0,995398521664543
3708,920833	1,00389562245552
3710,791667	1,01278446443244
3712,662500	1,02206273103872
3714,533333	1,03172615394839
3716,404167	1,04177019129087
3718,275000	1,05218895698309
3720,145833	1,06297587358436
3722,016667	1,07412359521747
3723,887500	1,08562235784254
3725,758333	1,09746189667915
3727,629167	1,10963109353997
3729,500000	1,12211773710788
3731,370833	1,13490954454628
3733,241667	1,14799423301858
3735,112500	1,16135951968818
3736,983333	1,17499312171847
3738,854167	1,18888275627285
3740,725000	1,20301614051473
3742,595833	1,21738099160751
3744,466667	1,23196502671458
3746,337500	1,24675596299935
3748,208333	1,26174151762521
3750,079167	1,27690940775557
3751,950000	1,29224735055383
3753,820833	1,30774306318339
3755,691667	1,32338426280764
3757,562500	1,33915866658999
3759,433333	1,35505399169385
3761,304167	1,3710579552826
3763,175000	1,38715827451964
3765,045833	1,40334266656839
3766,916667	1,41959884859224
3768,787500	1,43591453775458
3770,658333	1,45227745121883
3772,529167	1,46867530614838
3774,400000	1,48509581970663
3776,270833	1,50152670905698
3778,141667	1,51795569136283
3780,012500	1,53437048378763
3781,883333	1,55075898095666
3783,754167	1,56710977325633
3785,625000	1,58341164685391
3787,495833	1,59965489738809
3789,366667	1,6158321555439
3791,237500	1,63193625232993
3793,108333	1,64796001875476
3794,979167	1,66389628582698
3796,850000	1,67973788455515
3798,720833	1,69547764594788
3800,591667	1,71110840101373
3802,462500	1,72662298076129
3804,333333	1,74201421619914
3806,204167	1,75727493833586
3808,075000	1,77239797818004
3809,945833	1,78737616674025
3811,816667	1,80220233502508
3813,687500	1,81686931404311
3815,558333	1,83136996279001
3817,429167	1,84569933319628
3819,300000	1,85985621004102
3821,170833	1,87383974166229
3823,041667	1,88764907639819
3824,912500	1,9012833625868
3826,783333	1,91474174856621
3828,654167	1,9280233826745
3830,525000	1,94112741324975
3832,395833	1,95405298863006
3834,266667	1,96679925715351
3836,137500	1,97936536715817
3838,008333	1,99175046698214
3839,879167	2,00395370496351
3841,750000	2,01597422944035
3843,620833	2,02781118875075
3845,491667	2,03946373123281
3847,362500	2,05093100522459
3849,233333	2,06221215906419
3851,104167	2,07330607162965
3852,975000	2,08420742914423
3854,845833	2,09490760608274
3856,716667	2,10539827273498
3858,587500	2,11567307841033
3860,458333	2,12572632410491
3862,329167	2,13555475339494
3864,200000	2,14515991896533
3866,070833	2,15454393533189
3867,941667	2,16370891701041
3869,812500	2,1726569785167
3871,683333	2,18139023436656
3873,554167	2,18991079907579
3875,425000	2,19822078716018
3877,295833	2,20632231313554
3879,166667	2,21421749151767
3881,037500	2,22190843682237
3882,908333	2,22939726356544
3884,779167	2,23668608626269
3886,650000	2,2437770194299
3888,520833	2,25067217758289
3890,391667	2,25737367523745
3892,262500	2,26388362690939
3894,133333	2,2702041471145
3896,004167	2,27633735036858
3897,875000	2,28228535118745
3899,745833	2,28805026408689
3901,616667	2,2936342035827
3903,487500	2,2990392841907
3905,358333	2,30426762042667
3907,229167	2,30932132680643
3909,100000	2,31420251784576
3910,970833	2,31891330806048
3912,841667	2,32345581196637
3914,712500	2,32783214407925
3916,583333	2,33204441891492
3918,454167	2,33609475098916
3920,325000	2,339985256586
3922,195833	2,34371859027326
3924,066667	2,3472986999636
3925,937500	2,35072968188356
3927,808333	2,35401467229385
3929,679167	2,35715585027405
3931,550000	2,36015535350443
3933,420833	2,36301531966529
3935,291667	2,36573788643691
3937,162500	2,36832519149957
3939,033333	2,37077937253355
3940,904167	2,37310256721916
3942,775000	2,37529691323666
3944,645833	2,37736454826635
3946,516667	2,3793076099885
3948,387500	2,38112823608341
3950,258333	2,38282856423136
3952,129167	2,38441073211263
3954,000000	2,38587687740751
3955,870833	2,38722913779629
3957,741667	2,38846965095925
3959,612500	2,38960055457667
3961,483333	2,39062398632884
3963,354167	2,39154208389604
3965,225000	2,39235698495857
3967,095833	2,3930708271967
3968,966667	2,39368574829072
3970,837500	2,39420388592091
3972,708333	2,39462737776756
3974,579167	2,39495836151096
3976,450000	2,39519897483139
3978,320833	2,39535135540914
3980,191667	2,39541764092448
3982,062500	2,39539996905771
3983,933333	2,39530047748911
3985,804167	2,39512130389896
3987,675000	2,39486458596756
3989,545833	2,39453246137518
3991,416667	2,39412706780211
3993,287500	2,39365054292864
3995,158333	2,39310502443504
3997,029167	2,39249265000161
3998,900000	2,39181555730864
4000,770833	2,3910758840364
4002,641667	2,39027576786518
4004,512500	2,38941734647526
4006,383333	2,38850275754694
4008,254167	2,38753413876049
4010,125000	2,3865136277962
4011,995833	2,38544336233436
4013,866667	2,38432548005525
4015,737500	2,38316211863916
4017,608333	2,38195541576636
4019,479167	2,38070750911716
4021,350000	2,37942053637182
4023,220833	2,37809663521064
4025,091667	2,37673794332805
4026,962500	2,37534673715279
4028,833333	2,37392577237116
4030,704167	2,37247790171405
4032,575000	2,37100569190236
4034,445833	2,36951131425526
4036,316667	2,36799688306311
4038,187500	2,36646422675419
4040,058333	2,36491500682548
4041,929167	2,36335077645012
4043,800000	2,36177270177987
4045,670833	2,36018185378639
4047,541667	2,35857894721027
4049,412500	2,35696418051688
4051,283333	2,35533771231135
4053,154167	2,35369970777421
4055,025000	2,35205033611448
4056,895833	2,35038976659936
4058,766667	2,348718168496
4060,637500	2,34703571107159
4062,508333	2,3453425635933
4064,379167	2,34363889532832
4066,250000	2,34192487554382
4068,120833	2,34020067350697
4069,991667	2,33846645848496
4071,862500	2,33672239974496
4073,733333	2,33496866655414
4075,604167	2,3332054281797
4077,475000	2,3314328538888
4079,345833	2,32965111294861
4081,216667	2,32786037462633
4083,087500	2,32606080818912
4084,958333	2,32425258290416
4086,829167	2,32243586803864
4088,700000	2,32061083285972
4090,570833	2,31877764663458
4092,441667	2,3169364786304
4094,312500	2,31508749811437
4096,183333	2,31323087435365
4098,054167	2,31136677661542
4099,925000	2,30949537416686
4101,795833	2,30761683627515
4103,666667	2,30573133220747
4105,537500	2,30383903123099
4107,408333	2,30194010261288
4109,279167	2,30003471562034
4111,150000	2,29812303952053
4113,020833	2,29620524358063
4114,891667	2,29428149706782
4116,762500	2,29235196924927
4118,633333	2,29041682939217
4120,504167	2,28847624676368
4122,375000	2,286530390631
4124,245833	2,28457943026129
4126,116667	2,28262353492173
4127,987500	2,2806628738795
4129,858333	2,27869761640178
4131,729167	2,27672793175574
4133,600000	2,27475398920857
4135,470833	2,27277595802743
4137,341667	2,27079400747951
4139,212500	2,26880830683198
4141,083333	2,26681902535202
4142,954167	2,26482633230681
4144,825000	2,26283039696352
4146,695833	2,26083138858933
4148,566667	2,25882947645143
4150,437500	2,25682482981698
4152,308333	2,25481761795316
4154,179167	2,25280801012716
4156,050000	2,25079617560614
4157,920833	2,24878228365729
4159,791667	2,24676650354779
4161,662500	2,24474921390173
4163,533333	2,24273196573108
4165,404167	2,24071672089939
4167,275000	2,23870596194311
4169,145833	2,23670328131543
4171,016667	2,23471239318413
4172,887500	2,23273661674934
4174,758333	2,23077891857145
4176,629167	2,22884194776859
4178,500000	2,22692654895184
4180,370833	2,22503290109267
4182,241667	2,2231601964916
4184,112500	2,22130541726168
4185,983333	2,2194651702414
4187,854167	2,21763453836297
4189,725000	2,21580717916333
4191,595833	2,21397656147108
4193,466667	2,21213531688786
4195,337500	2,21027575399304
4197,208333	2,20839014015057
4199,079167	2,20647064716695
4200,950000	2,20450944322335
4202,820833	2,2024989213685
4204,691667	2,20043169499206
4206,562500	2,19830074752058
4208,433333	2,1961014470508
4210,304167	2,19383013293497
4212,175000	2,19148443893256
4214,045833	2,1890652020413
4215,916667	2,18657381142734
4217,787500	2,18401320264293
4219,658333	2,1813878985912
4221,529167	2,17870264602563
4223,400000	2,17596325126893
4225,270833	2,17317597264873
4227,141667	2,17034695167311
4229,012500	2,16748202057907
4230,883333	2,16458694430029
4232,754167	2,16166702771869
4234,625000	2,15872708100192
4236,495833	2,15577185961583
4238,366667	2,15280589497341
4240,237500	2,14983361793563
4242,108333	2,14685945511018
4243,979167	2,14388782273049
4245,850000	2,14092311384874
4247,720833	2,13796910479476
4249,591667	2,13502887711792
4251,462500	2,13210534680821
4253,333333	2,12920042271759
4255,204167	2,12631553848551
4257,075000	2,12345192333587
4258,945833	2,12061022317658
4260,816667	2,11779096857412
4262,687500	2,11499435904016
4264,558333	2,11222020333873
4266,429167	2,10946827926361
4268,300000	2,10673829425746
4270,170833	2,10402992090193
4272,041667	2,10134283152883
4273,912500	2,09867669846996
4275,783333	2,09603119405713
4277,654167	2,09340599062215
4279,525000	2,09080076049683
4281,395833	2,08821517601296
4283,266667	2,08564890950237
4285,137500	2,08310163329686
4287,008333	2,08057301972822
4288,879167	2,07806274112829
4290,750000	2,07557046982885
4292,620833	2,07309587816171
4294,491667	2,0706386384587
4296,362500	2,0681984230516
4298,233333	2,06577490427223
4300,104167	2,0633677544524
4301,975000	2,06097664592391
4303,845833	2,05860125101858
4305,716667	2,0562412420682
4307,587500	2,05389629140459
4309,458333	2,05156607135955
4311,329167	2,04925025426489
4313,200000	2,04694851245242
4315,070833	2,04466051825395
4316,941667	2,04238594400128
4318,812500	2,04012446202622
4320,683333	2,03787574466057
4322,554167	2,03563946423616
4324,425000	2,03341529308477
4326,295833	2,03120290353823
4328,166667	2,02900196792833
4330,037500	2,02681215858688
4331,908333	2,0246331478457
4333,779167	2,02246460803659
4335,650000	2,02030621149135
4337,520833	2,0181576305418
4339,391667	2,01601853751974
4341,262500	2,01388860475698
4343,133333	2,01176750458533
4345,004167	2,00965490933658
4346,875000	2,00755049134256
4348,745833	2,00545392293507
4350,616667	2,00336487644592
4352,487500	2,0012830242069
4354,358333	1,99920803854984
4356,229167	1,99713959180654
4358,100000	1,9950773563088
4359,970833	1,99302100438843
4361,841667	1,99097020837725
4363,712500	1,98892464060705
4365,583333	1,98688397340965
4367,454167	1,98484787911685
4369,325000	1,98281603006045
4371,195833	1,98078809857228
4373,066667	1,97876375698413
4374,937500	1,97674267762781
4376,808333	1,97472453283513
4378,679167	1,9727089949379
4380,550000	1,97069573626792
4382,420833	1,96868442915701
4384,291667	1,96667474593696
4386,162500	1,96466635893959
4388,033333	1,9626589404967
4389,904167	1,9606521629401
4391,775000	1,9586456986016
4393,645833	1,95663921981301
4395,516667	1,95463239890613
4397,387500	1,95262490821277
4399,258333	1,95061642006474
4401,129167	1,94860660679384
4403,000000	1,94659514073189
4404,870833	1,94458169421068
4406,741667	1,94256593956204
4408,612500	1,94054754911776
4410,483333	1,93852619599249
4412,354167	1,93650164062708
4414,225000	1,9344738092229
4416,095833	1,93244262098691
4417,966667	1,93040759094832
4419,837500	1,92836791112257
4421,708333	1,92632278049582
4423,579167	1,92427148117802
4425,450000	1,92221332459514
4427,320833	1,9201479417023
4429,191667	1,91807560037531
4431,062500	1,91599664307013
4432,933333	1,91391139628779
4434,804167	1,91182017316843
4436,675000	1,90972325744196
4438,545833	1,90762077373771
4440,416667	1,90551279176591
4442,287500	1,90339927829794
4444,158333	1,9012799846362
4446,029167	1,89915464721
4447,900000	1,89702322687384
4449,770833	1,8948858813874
4451,641667	1,8927429391647
4453,512500	1,89059567880706
4455,383333	1,88844572208034
4457,254167	1,88629503520985
4459,125000	1,88414634150088
4460,995833	1,88200247171665
4462,866667	1,8798663880921
4464,737500	1,87774117370862
4466,608333	1,87562983306792
4468,479167	1,87353486204663
4470,350000	1,87145856239201
4472,220833	1,86940280588157
4474,091667	1,86736847033374
4475,962500	1,86535626202303
4477,833333	1,8633662121894
4479,704167	1,86139770205705
4481,575000	1,85944978523144
4483,445833	1,85751956560459
4485,316667	1,85560336924476
4487,187500	1,85369700898827
4489,058333	1,85179505368771
4490,929167	1,84989187853902
4492,800000	1,84798167043572
4494,670833	1,84605842632066
4496,541667	1,84411620548682
4498,412500	1,84214955146534
4500,283333	1,84015321144441
4502,154167	1,83812230056202
4504,025000	1,83605287419608
4505,895833	1,83394117361113
4507,766667	1,83178439597528
4509,637500	1,82958074861193
4511,508333	1,8273287216123
4513,379167	1,82502850285002
4515,250000	1,82268102874201
4517,120833	1,820287722085
4518,991667	1,8178513075464
4520,862500	1,81537473965464
4522,733333	1,81286132872033
4524,604167	1,81031477893099
4526,475000	1,80773881582121
4528,345833	1,80513717196864
4530,216667	1,80251358307762
4532,087500	1,79987166561439
4533,958333	1,79721469766758
4535,829167	1,79454590547532
4537,700000	1,79186875201048
4539,570833	1,78918697482343
4541,441667	1,78650441272571
4543,312500	1,78382560280815
4545,183333	1,78115542172275
4547,054167	1,77849857722344
4548,925000	1,77585926548074
4550,795833	1,77324156033955
4552,666667	1,77064862242247
4554,537500	1,76808250256061
4556,408333	1,76554511206557
4558,279167	1,76303773640952
4560,150000	1,76056134130215
4562,020833	1,75811694458222
4563,891667	1,75570573636644
4565,762500	1,75332894433008
4567,633333	1,75098793476577
4569,504167	1,74868425048487
4571,375000	1,74641942927308
4573,245833	1,74419485812297
4575,116667	1,74201184311241
4576,987500	1,73987164525649
4578,858333	1,73777537852759
4580,729167	1,73572411493608
4582,600000	1,73371845169101
4584,470833	1,73175835234952
4586,341667	1,72984359642635
4588,212500	1,72797260201601
4590,083333	1,72614302044493
4591,954167	1,72435226010424
4593,825000	1,72259690901096
4595,695833	1,72087337569113
4597,566667	1,7191780650008
4599,437500	1,7175073766623
4601,308333	1,71585772752154
4603,179167	1,71422571557447
4605,050000	1,71260804588239
4606,920833	1,71100163609968
4608,791667	1,70940418364855
4610,662500	1,70781357398687
4612,533333	1,7062281140945
4614,404167	1,70464672911848
4616,275000	1,70306841060293
4618,145833	1,70149233888978
4620,016667	1,69991781138028
4621,887500	1,69834424478352
4623,758333	1,69677151364619
4625,629167	1,6951996041721
4627,500000	1,69362851527103
4629,370833	1,69205826539158
4631,241667	1,69048884157491
4633,112500	1,68891984224898
4634,983333	1,68735061312787
4636,854167	1,68578040611247
4638,725000	1,68420810536226
4640,595833	1,68263249997829
4642,466667	1,68105233667396
4644,337500	1,67946629379816
4646,208333	1,67787303981872
4648,079167	1,67627119705812
4649,950000	1,67465935637284
4651,820833	1,67303618647075
4653,691667	1,67140069609966
4655,562500	1,66975198924123
4657,433333	1,66808941099479
4659,304167	1,66641271443202
4661,175000	1,66472172011153
4663,045833	1,66301662511908
4664,916667	1,66129789570847
4666,787500	1,65956597913786
4668,658333	1,65782120915814
4670,529167	1,65606388333933
4672,400000	1,65429396383085
4674,270833	1,65251081722285
4676,141667	1,65071370434095
4678,012500	1,6489012458533
4679,883333	1,64707158275217
4681,754167	1,64522277492795
4683,625000	1,64335254695044
4685,495833	1,6414585254837
4687,366667	1,63953866139227
4689,237500	1,6375915098277
4691,108333	1,6356157135036
4692,979167	1,63361024747943
4694,850000	1,63157434780054
4696,720833	1,62950736280697
4698,591667	1,62740917693701
4700,462500	1,62527984724608
4702,333333	1,62311972968942
4704,204167	1,62092976505173
4706,075000	1,61871100421474
4707,945833	1,61646519893007
4709,816667	1,61419467767936
4711,687500	1,61190190051506
4713,558333	1,60958994257512
4715,429167	1,60726208396236
4717,300000	1,60492148073793
4719,170833	1,60257103367162
4721,041667	1,60021358830242
4722,912500	1,59785156459411
4724,783333	1,59548701558882
4726,654167	1,59312195665925
4728,525000	1,59075825756348
4730,395833	1,58839773603824
4732,266667	1,58604208080047
4734,137500	1,58369270200449
4736,008333	1,58135094533948
4737,879167	1,57901761365615
4739,750000	1,57669301946873
4741,620833	1,57437739220047
4743,491667	1,57207056862877
4745,362500	1,56977224017925
4747,233333	1,56748218074223
4749,104167	1,56520035199217
4750,975000	1,56292675924026
4752,845833	1,56066177745842
4754,716667	1,55840613142617
4756,587500	1,55616060713265
4758,458333	1,55392629144835
4760,329167	1,55170438815753
4762,200000	1,54949592116884
4764,070833	1,54730148427532
4765,941667	1,54512159183498
4767,812500	1,54295638227283
4769,683333	1,54080562134288
4771,554167	1,53866901653841
4773,425000	1,53654599176145
4775,295833	1,53443585455763
4777,166667	1,53233798603792
4779,037500	1,53025195298614
4780,908333	1,52817735875659
4782,779167	1,52611400096177
4784,650000	1,52406187894925
4786,520833	1,52202100144576
4788,391667	1,51999137717806
4790,262500	1,5179730148729
4792,133333	1,515965923257
4794,004167	1,51397011105712
4795,875000	1,51198558700001
4797,745833	1,5100123598124
4799,616667	1,50805043822104
4801,487500	1,50609983095267
4803,358333	1,50416054673404
4805,229167	1,5022325942919
4807,100000	1,50031598235298
4808,970833	1,49841071964403
4810,841667	1,49651681489179
4812,712500	1,49463427682302
4814,583333	1,49276311416444
4816,454167	1,49090333564281
4818,325000	1,48905494998488
4820,195833	1,48721796591737
4822,066667	1,48539239216705
4823,937500	1,48357823746065
4825,808333	1,48177551052491
4827,679167	1,47998422008659
4829,550000	1,47820437487242
4831,420833	1,47643598360915
4833,291667	1,47467905502352
4835,162500	1,47293359784228
4837,033333	1,47119962079217
4838,904167	1,46947713259994
4840,775000	1,46776614199233
4842,645833	1,46606665769608
4844,516667	1,46437868843793
4846,387500	1,46270224294464
4848,258333	1,46103732994295
4850,129167	1,45938395815959
4852,000000	1,45774213632132
4853,870833	1,45611187315487
4855,741667	1,454493177387
4857,612500	1,45288605774444
4859,483333	1,45129052295395
4861,354167	1,44970658174225
4863,225000	1,44813424283611
4865,095833	1,44657351496225
4866,966667	1,44502440684744
4868,837500	1,4434869272184
4870,708333	1,44196108480189
4872,579167	1,44044688832465
4874,450000	1,43894434651342
4876,320833	1,43745346809494
4878,191667	1,43597426179597
4880,062500	1,43450673634324
4881,933333	1,4330509004635
4883,804167	1,43160676288349
4885,675000	1,43017433232996
4887,545833	1,42875361752965
4889,416667	1,42734462720931
4891,287500	1,42594737009567
4893,158333	1,42456185491549
4895,029167	1,4231880903955
4896,900000	1,42182608526246
4898,770833	1,4204758482431
4900,641667	1,41913738806417
4902,512500	1,41781071345242
4904,383333	1,41649583313458
4906,254167	1,4151927558374
4908,125000	1,41390149028763
4909,995833	1,41262204521201
4911,866667	1,41135442933728
4913,737500	1,4100986513902
4915,608333	1,40885472009749
4917,479167	1,40762264418591
4919,350000	1,4064024323822
4921,220833	1,4051940934131
4923,091667	1,40399763600536
4924,962500	1,40281306888573
4926,833333	1,40164040078094
4928,704167	1,40047964041774
4930,575000	1,39933078926823
4932,445833	1,3981933194907
4934,316667	1,3970658236148
4936,187500	1,39594674095932
4938,058333	1,3948335927576
4939,929167	1,39372325543888
4941,800000	1,39261253937549
4943,670833	1,39149801882719
4945,541667	1,39037620590598
4947,412500	1,38924394749661
4949,283333	1,38809867423508
4951,154167	1,38693790255675
4953,025000	1,3857595292038
4954,895833	1,38456173090754
4956,766667	1,38334264985756
4958,637500	1,38210023416523
4960,508333	1,38083237618118
4962,379167	1,37953712083013
4964,250000	1,37821279228612
4966,120833	1,37685778944905
4967,991667	1,37547118550404
4969,862500	1,37405257392038
4971,733333	1,37260176582323
4973,604167	1,37111959134127
4975,475000	1,36960720295273
4977,345833	1,36806635038906
4979,216667	1,36649993079903
4981,087500	1,36491099249083
4982,958333	1,36330292306738
4984,829167	1,36167938448009
4986,700000	1,36004401465568
4988,570833	1,35840028356286
4990,441667	1,35675160694792
4992,312500	1,35510152358698
4994,183333	1,35345382060133
4996,054167	1,3518123128654
4997,925000	1,35018077829979
4999,795833	1,34856296351655
5001,666667	1,34696250640423
5003,537500	1,34538244564889
5005,408333	1,34382561190863
5007,279167	1,34229467980088
5009,150000	1,34079199352518
5011,020833	1,33931984355229
5012,891667	1,33788030341166
5014,762500	1,33647525406464
5016,633333	1,3351063872581
5018,504167	1,33377432241947
5020,375000	1,33247928641419
5022,245833	1,33122103498593
5024,116667	1,32999827530542
5025,987500	1,32880957062175
5027,858333	1,32765343870686
5029,729167	1,32652835504197
5031,600000	1,32543279733304
5033,470833	1,32436526707572
5035,341667	1,32332427497303
5037,212500	1,32230835619469
5039,083333	1,32131610319
5040,954167	1,32034611584915
5042,825000	1,31939697756675
5044,695833	1,31846725566759
5046,566667	1,31755553392001
5048,437500	1,31666050838875
5050,308333	1,31578092016656
5052,179167	1,31491542217753
5054,050000	1,31406244976253
5055,920833	1,31322039741079
5057,791667	1,31238747034356
5059,662500	1,31156168062596
5061,533333	1,31074106424242
5063,404167	1,30992388370312
5065,275000	1,30910849754153
5067,145833	1,30829323818621
5069,016667	1,30747636947273
5070,887500	1,30665614682611
5072,758333	1,30583089234558
5074,629167	1,30499899941257
5076,500000	1,30415883083301
5078,370833	1,3033084991186
5080,241667	1,30244600491851
5082,112500	1,30156918966207
5083,983333	1,30067546158119
5085,854167	1,29976215972814
5087,725000	1,2988267385475
5089,595833	1,29786678172693
5091,466667	1,29687993435224
5093,337500	1,29586426619782
5095,208333	1,29481804610813
5097,079167	1,29373954608843
5098,950000	1,29262704394762
5100,820833	1,29147881247245
5102,691667	1,29029293505382
5104,562500	1,28906727283597
5106,433333	1,28779968933819
5108,304167	1,2864881722987
5110,175000	1,28513077071385
5112,045833	1,28372566418347
5113,916667	1,28227142649593
5115,787500	1,28076672503091
5117,658333	1,27921089107555
5119,529167	1,27760407220754
5121,400000	1,27594655224861
5123,270833	1,27423936856772
5125,141667	1,27248394834762
5127,012500	1,27068181845442
5128,883333	1,26883481341355
5130,754167	1,26694483604173
5132,625000	1,26501405835175
5134,495833	1,26304499919495
5136,366667	1,26104024439099
5138,237500	1,25900278936021
5140,108333	1,2569358519907
5141,979167	1,25484274563473
5143,850000	1,25272709735775
5145,720833	1,25059260669354
5147,591667	1,24844325220197
5149,462500	1,2462833892207
5151,333333	1,24411743282565
5153,204167	1,24195012470517
5155,075000	1,23978639273262
5156,945833	1,2376312057028
5158,816667	1,23548966989461
5160,687500	1,23336692209417
5162,558333	1,23126810072318
5164,429167	1,22919834651845
5166,300000	1,22716269155362
5168,170833	1,22516502392496
5170,041667	1,22320854745453
5171,912500	1,22129596171614
5173,783333	1,21942811405799
5175,654167	1,21760541260034
5177,525000	1,21582793863844
5179,395833	1,21409528846622
5181,266667	1,21240699811161
5183,137500	1,21076236880486
5185,008333	1,20916055444722
5186,879167	1,20760056568731
5188,750000	1,20608085675034
5190,620833	1,20459974385104
5192,491667	1,20315549765042
5194,362500	1,20174631792058
5196,233333	1,20037040729694
5198,104167	1,19902607584032
5199,975000	1,19771170430483
5201,845833	1,19642561162309
5203,716667	1,19516585415408
5205,587500	1,19393041476231
5207,458333	1,19271691844625
5209,329167	1,19152240608156
5211,200000	1,19034385043024
5213,070833	1,18917804229841
5214,941667	1,18802164694219
5216,812500	1,18687142991571
5218,683333	1,18572460827164
5220,554167	1,18457852869347
5222,425000	1,18343099276576
5224,295833	1,18228058107792
5226,166667	1,18112597588294
5228,037500	1,1799662033914
5229,908333	1,17880053861226
5231,779167	1,17762830839181
5233,650000	1,17644905412779
5235,520833	1,17526238092771
5237,391667	1,17406804261418
5239,262500	1,17286606026623
5241,133333	1,17165649975966
5243,004167	1,17043967413078
5244,875000	1,16921608380217
5246,745833	1,16798633122111
5248,616667	1,16675149499451
5250,487500	1,16551280089832
5252,358333	1,16427167566755
5254,229167	1,16302992510755
5256,100000	1,16178943461164
5257,970833	1,16055267912922
5259,841667	1,1593226020281
5261,712500	1,15810222365494
5263,583333	1,15689489498885
5265,454167	1,15570407002047
5267,325000	1,15453276630057
5269,195833	1,15338313660489
5271,066667	1,1522571647994
5272,937500	1,15115570119066
5274,808333	1,15007865235305
5276,679167	1,14902566374668
5278,550000	1,14799511467602
5280,420833	1,1469849529648
5282,291667	1,14599276439848
5284,162500	1,14501538200265
5286,033333	1,14404954383778
5287,904167	1,14309196943412
5289,775000	1,14213936215838
5291,645833	1,14118856602566
5293,516667	1,1402372376301
5295,387500	1,13928332615799
5297,258333	1,13832526248376
5299,129167	1,13736253017638
5301,000000	1,13639478325418
5302,870833	1,1354222899914
5304,741667	1,13444588000153
5306,612500	1,13346646080537
5308,483333	1,13248528818583
5310,354167	1,13150374852657
5312,225000	1,1305231527346
5314,095833	1,12954463764227
5315,966667	1,12856930123817
5317,837500	1,12759793340483
5319,708333	1,12663102905717
5321,579167	1,12566905238441
5323,450000	1,12471234620055
5325,320833	1,12376120477225
5327,191667	1,12281575550207
5329,062500	1,12187572261149
5330,933333	1,12094075137785
5332,804167	1,12001004288582
5334,675000	1,11908235273511
5336,545833	1,11815634987607
5338,416667	1,1172302466153
5340,287500	1,11630206505546
5342,158333	1,11536976337299
5344,029167	1,1144311387123
5345,900000	1,11348396928455
5347,770833	1,11252619184151
5349,641667	1,11155590970244
5351,512500	1,11057134704275
5353,383333	1,10957154051756
5355,254167	1,10855588310125
5357,125000	1,10752418524518
5358,995833	1,10647737114158
5360,866667	1,10541656004119
5362,737500	1,10434316359527
5364,608333	1,10325891528619
5366,479167	1,10216552559259
5368,350000	1,10106440387327
5370,220833	1,09995682069205
5372,091667	1,09884383138611
5373,962500	1,0977258866159
5375,833333	1,09660332631696
5377,704167	1,09547634147672
5379,575000	1,09434495132816
5381,445833	1,09320918112439
5383,316667	1,09206918160511
5385,187500	1,09092516428797
5387,058333	1,08977748557761
5388,929167	1,08862693093764
5390,800000	1,08747437635
5392,670833	1,08632107128143
5394,541667	1,08516871643361
5396,412500	1,08401905400111
5398,283333	1,0828739504864
5400,154167	1,08173533547192
5402,025000	1,08060502661314
5403,895833	1,07948448980209
5405,766667	1,07837511205157
5407,637500	1,07727790344125
5409,508333	1,07619339685562
5411,379167	1,07512206019626
5413,250000	1,0740640495969
5415,120833	1,07301935493037
5416,991667	1,07198795839852
5418,862500	1,07096982203086
5420,733333	1,0699649046078
5422,604167	1,06897320176541
5424,475000	1,06799475803809
5426,345833	1,06702960051392
5428,216667	1,06607755530369
5430,087500	1,06513833599834
5431,958333	1,06421152058633
5433,829167	1,06329621979693
5435,700000	1,06239143935312
5437,570833	1,06149602550478
5439,441667	1,06060860273226
5441,312500	1,05972777011664
5443,183333	1,05885203421152
5445,054167	1,05797984721368
5446,925000	1,05710967030269
5448,795833	1,0562400001469
5450,666667	1,05536934354294
5452,537500	1,05449630929277
5454,408333	1,05361965490829
5456,279167	1,05273817171645
5458,150000	1,05185089224539
5460,020833	1,05095699768291
5461,891667	1,05005576682642
5463,762500	1,04914684763979
5465,633333	1,04822998015225
5467,504167	1,04730506663625
5469,375000	1,04637225737716
5471,245833	1,04543172887709
5473,116667	1,0444837192081
5474,987500	1,04352850624363
5476,858333	1,04256635546921
5478,729167	1,04159747909379
5480,600000	1,04062207649017
5482,470833	1,03964039658101
5484,341667	1,03865276772925
5486,212500	1,03765954637795
5488,083333	1,03666134941412
5489,954167	1,03565897027089
5491,825000	1,03465322268491
5493,695833	1,03364499338102
5495,566667	1,03263518898946
5497,437500	1,03162473637775
5499,308333	1,03061459644989
5501,179167	1,02960573752348
5503,050000	1,02859918313196
5504,920833	1,02759599604894
5506,791667	1,02659718664868
5508,662500	1,02560352350177
5510,533333	1,02461570367573
5512,404167	1,02363417137056
5514,275000	1,02265892451383
5516,145833	1,02168991154082
5518,016667	1,02072702438109
5519,887500	1,01977011287184
5521,758333	1,01881904034757
5523,629167	1,01787373964432
5525,500000	1,01693416358353
5527,370833	1,01600018176551
5529,241667	1,01507150961508
5531,112500	1,01414782797338
5532,983333	1,01322854457433
5534,854167	1,01231285393684
5536,725000	1,01139991456464
5538,595833	1,01048873142208
5540,466667	1,00957826009895
5542,337500	1,00866734131692
5544,208333	1,0077545924009
5546,079167	1,0068385946102
5547,950000	1,00591775917014
5549,820833	1,00499035820348
5551,691667	1,00405471987208
5553,562500	1,00310949337386
5555,433333	1,00215343633119
5557,304167	1,00118555697935
5559,175000	1,0002053754211
5561,045833	0,999212496381826
5562,916667	0,998206915967856
5564,787500	0,997188965765194
5566,658333	0,996159025595571
5568,529167	0,995117686016785
5570,400000	0,994065611566793
5572,270833	0,993003500725647
5574,141667	0,991932124666772
5576,012500	0,990852271659232
5577,883333	0,989764876773128
5579,754167	0,988671006912127
5581,625000	0,987571778024191
5583,495833	0,986468570274639
5585,366667	0,985362861233927
5587,237500	0,984256124617611
5589,108333	0,983149825096621
5590,979167	0,982045421722737
5592,850000	0,980944283073991
5594,720833	0,97984769260986
5596,591667	0,978756864033276
5598,462500	0,977672592769743
5600,333333	0,976595511380588
5602,204167	0,975526103070429
5604,075000	0,974464497531906
5605,945833	0,97341076857693
5607,816667	0,972364886904065
5609,687500	0,971326721585445
5611,558333	0,970296128066761
5613,429167	0,969272899744996
5615,300000	0,968256804293334
5617,170833	0,9672474650602
5619,041667	0,966244145378283
5620,912500	0,96524604669318
5622,783333	0,964252208342204
5624,654167	0,96326150229031
5626,525000	0,962272801489394
5628,395833	0,961285040079459
5630,266667	0,96029717861514
5632,137500	0,959308245986403
5634,008333	0,958317450294091
5635,879167	0,957324038470057
5637,750000	0,956327517181919
5639,620833	0,955327674031499
5641,491667	0,954324371106635
5643,362500	0,953317921300716
5645,233333	0,952308841262604
5647,104167	0,951297783196117
5648,975000	0,950285771366526
5650,845833	0,949273897786923
5652,716667	0,948263370422968
5654,587500	0,947255528631531
5656,458333	0,946251701046942
5658,329167	0,945253075693493
5660,200000	0,944260773702379
5662,070833	0,94327573663071
5663,941667	0,942298384287614
5665,812500	0,941329035442211
5667,683333	0,940367797830692
5669,554167	0,939414528648109
5671,425000	0,938469075333795
5673,295833	0,937531325593154
5675,166667	0,936601187246884
5677,037500	0,935678639812159
5678,908333	0,934763882319452
5680,779167	0,933857154543025
5682,650000	0,932958653396301
5684,520833	0,932068522474775
5686,391667	0,931186867802644
5688,262500	0,930313491258041
5690,133333	0,929448035449018
5692,004167	0,928590094734077
5693,875000	0,927739111975469
5695,745833	0,926894495700422
5697,616667	0,926055506683682
5699,487500	0,925221213088151
5701,358333	0,924390640436646
5703,229167	0,923562534025865
5705,100000	0,92273548509669
5706,970833	0,92190802086353
5708,841667	0,921078455712365
5710,712500	0,920245060489828
5712,583333	0,919406183440653
5714,454167	0,918560278558732
5716,325000	0,917705848313783
5718,195833	0,916841805056409
5720,066667	0,915967297625831
5721,937500	0,915081591306348
5723,808333	0,914184359732321
5725,679167	0,913275372578333
5727,550000	0,912354610421607
5729,420833	0,911422355904599
5731,291667	0,91047893783742
5733,162500	0,909524929363697
5735,033333	0,908561051538
5736,904167	0,907588082143246
5738,775000	0,90660700624702
5740,645833	0,905618858856181
5742,516667	0,90462471998745
5744,387500	0,903625737247616
5746,258333	0,902623056159762
5748,129167	0,901617735195256
5750,000000	0,900610777547685
5751,870833	0,899603135965058
5753,741667	0,898595564942499
5755,612500	0,897588768628483
5757,483333	0,896583402091316
5759,354167	0,895580043107615
5761,225000	0,894579288637402
5763,095833	0,893582051015674
5764,966667	0,892589452593238
5766,837500	0,891602707991432
5768,708333	0,890623405120092
5770,579167	0,889653230792778
5772,450000	0,888693904774529
5774,320833	0,88774720126204
5776,191667	0,886814885525708
5778,062500	0,885898540896021
5779,933333	0,884999623672599
5781,804167	0,884119467349972
5783,675000	0,883258870293622
5785,545833	0,882418479759589
5787,416667	0,88159875627878
5789,287500	0,880799836755217
5791,158333	0,880021812826252
5793,029167	0,879264595556289
5794,900000	0,878527963847895
5796,770833	0,877811585100066
5798,641667	0,87711461720075
5800,512500	0,876436066182061
5802,383333	0,875774706732873
5804,254167	0,875128892744083
5806,125000	0,874496923134644
5807,995833	0,873876942410183
5809,866667	0,873266976625916
5811,737500	0,872664998366842
5813,608333	0,872068730168608
5815,479167	0,871475816192396
5817,350000	0,870883781645484
5819,220833	0,870289924601701
5821,091667	0,869691518851979
5822,962500	0,869085858713447
5824,833333	0,868470255003695
5826,704167	0,867842075270211
5828,575000	0,867198981423926
5830,445833	0,866538733218136
5832,316667	0,865859348916744
5834,187500	0,865159365167003
5836,058333	0,864437401627129
5837,929167	0,863692440812728
5839,800000	0,862923770877271
5841,670833	0,862130740943338
5843,541667	0,861312984205293
5845,412500	0,86047023185697
5847,283333	0,859602289314664
5849,154167	0,858709118203987
5851,025000	0,8577907118671
5852,895833	0,85684728505347
5854,766667	0,855879247904222
5856,637500	0,854887057083085
5858,508333	0,853871401563713
5860,379167	0,852833055562459
5862,250000	0,85177304433175
5864,120833	0,850692948785375
5865,991667	0,849594446943916
5867,862500	0,848479669290151
5869,733333	0,847351164627648
5871,604167	0,846211570754594
5873,475000	0,845063977198998
5875,345833	0,843911645907106
5877,216667	0,842757948990124
5879,087500	0,841606514263547
5880,958333	0,840461005008818
5882,829167	0,839325066086296
5884,700000	0,838202324514632
5886,570833	0,837096289266566
5888,441667	0,836009704710305
5890,312500	0,834945007216078
5892,183333	0,833904079760355
5894,054167	0,832887452202729
5895,925000	0,831895414850173
5897,795833	0,830927401986353
5899,666667	0,829981979347005
5901,537500	0,829057658627854
5903,408333	0,828152846171417
5905,279167	0,827265904063495
5907,150000	0,826395261037947
5909,020833	0,825539517950351
5910,891667	0,824697305256749
5912,762500	0,823867311488663
5914,633333	0,823048286906888
5916,504167	0,822239010522094
5918,375000	0,821438449308767
5920,245833	0,820645653695404
5922,116667	0,819859769843727
5923,987500	0,819080202537747
5925,858333	0,818306403229647
5927,729167	0,81753791476695
5929,600000	0,816774381768921
5931,470833	0,816015474052179
5933,341667	0,815261014954654
5935,212500	0,814510899425347
5937,083333	0,813765111736972
5938,954167	0,813023890116386
5940,825000	0,81228751966774
5942,695833	0,811556342226761
5944,566667	0,810830765813996
5946,437500	0,810111181295353
5948,308333	0,80939780839932
5950,179167	0,808690783042903
5952,050000	0,807990172392234
5953,920833	0,807295838503843
5955,791667	0,806607602558419
5957,662500	0,805925201940737
5959,533333	0,805248271606436
5961,404167	0,804576427772506
5963,275000	0,803909178034029
5965,145833	0,803245974153469
5967,016667	0,802586295523341
5968,887500	0,8019297105866
5970,758333	0,801275806584588
5972,629167	0,800624215684262
5974,500000	0,799974627597843
5976,370833	0,79932673489205
5978,241667	0,798680221735664
5980,112500	0,798034767763601
5981,983333	0,797390049257591
5983,854167	0,796745731440712
5985,725000	0,796101477781584
5987,595833	0,795456974918963
5989,466667	0,79481194059572
5991,337500	0,794166084261605
5993,208333	0,793519012674081
5995,079167	0,792870274405748
5996,950000	0,792219443355963
5998,820833	0,791566185016002
6000,691667	0,790910187342525
6002,562500	0,790251246049222
6004,433333	0,789589308477287
6006,304167	0,788924340987332
6008,175000	0,788256389441434
6010,045833	0,787585546971053
6011,916667	0,786911919056664
6013,787500	0,786235654752638
6015,658333	0,78555691332204
6017,529167	0,784875858633976
6019,400000	0,784192661352462
6021,270833	0,783507486265605
6023,141667	0,78282042682499
6025,012500	0,782131531986877
6026,883333	0,781440836119166
6028,754167	0,780748319044028
6030,625000	0,780053946748728
6032,495833	0,779357657224441
6034,366667	0,77865934515435
6036,237500	0,777958901856041
6038,108333	0,777256222791093
6039,979167	0,776551206131971
6041,850000	0,77584373244126
6043,720833	0,775133609254966
6045,591667	0,774420625896466
6047,462500	0,773704616912601
6049,333333	0,772985490225669
6051,204167	0,772263164160059
6053,075000	0,771537603737256
6054,945833	0,770808806009921
6056,816667	0,770076774704102
6058,687500	0,769341539930208
6060,558333	0,768603139603974
6062,429167	0,76786165953796
6064,300000	0,767117267075196
6066,170833	0,76637014188679
6068,041667	0,765620523018193
6069,912500	0,764868692210578
6071,783333	0,764114973216837
6073,654167	0,763359878868273
6075,525000	0,762603976584325
6077,395833	0,761847853463922
6079,266667	0,761092131751592
6081,137500	0,760337427496281
6083,008333	0,759584214140965
6084,879167	0,75883285764357
6086,750000	0,7580836810662
6088,620833	0,757336811906735
6090,491667	0,756592317981352
6092,362500	0,755850225820594
6094,233333	0,755110484561549
6096,104167	0,754373034147428
6097,975000	0,753637804006408
6099,845833	0,752904715260918
6101,716667	0,752173687508106
6103,587500	0,751444633685114
6105,458333	0,750717464175012
6107,329167	0,749992035214996
6109,200000	0,749268096426027
6111,070833	0,748545383471121
6112,941667	0,747823606877758
6114,812500	0,74710245636887
6116,683333	0,746381644231923
6118,554167	0,745661008274495
6120,425000	0,744940428880897
6122,295833	0,744219833468258
6124,166667	0,743499246670138
6126,037500	0,742778710952407
6127,908333	0,742058373115464
6129,779167	0,741338470440238
6131,650000	0,740619293080981
6133,520833	0,739901416270161
6135,391667	0,739185516966796
6137,262500	0,738472386033023
6139,133333	0,73776306163966
6141,004167	0,737058617018972
6142,875000	0,736360175871314
6144,745833	0,735668907749947
6146,616667	0,734985956177778
6148,487500	0,734312297422231
6150,358333	0,733648844668789
6152,229167	0,732996365840717
6154,100000	0,732355297212554
6155,970833	0,731726010306517
6157,841667	0,731108483644093
6159,712500	0,730502321684879
6161,583333	0,729907031573768
6163,454167	0,729321594133786
6165,325000	0,728744783040097
6167,195833	0,728175295371896
6169,066667	0,727611645355944
6170,937500	0,727052315571165
6172,808333	0,726495679971705
6174,679167	0,72594000420203
6176,550000	0,725383571978146
6178,420833	0,724824820615132
6180,291667	0,724262251078562
6182,162500	0,723694415358914
6184,033333	0,723119993913489
6185,904167	0,722537687115365
6187,775000	0,72194619354934
6189,645833	0,721344209932277
6191,516667	0,72073045399248
6193,387500	0,720103794150872
6195,258333	0,719463164736355
6197,129167	0,718807703611933
6199,000000	0,71813708938668
6200,870833	0,717451101106854
6202,741667	0,716749830887114
6204,612500	0,716033713423045
6206,483333	0,715303227905618
6208,354167	0,714559058236711
6210,225000	0,713801981974701
6212,095833	0,713032822021966
6213,966667	0,712252526934511
6215,837500	0,711462068924907
6217,708333	0,710662474579253
6219,579167	0,709854832818503
6221,450000	0,709040229055388
6223,320833	0,708219693148808
6225,191667	0,707394228217805
6227,062500	0,706564779014378
6228,933333	0,705732118599239
6230,804167	0,704896984090751
6232,675000	0,704059967080281
6234,545833	0,703221484360156
6236,416667	0,702381925538451
6238,287500	0,701541537204698
6240,158333	0,700700493745885
6242,029167	0,699858938083855
6243,900000	0,699016917056023
6245,770833	0,698174458561613
6247,641667	0,697331578797258
6249,512500	0,696488279230596
6251,383333	0,695644574370101
6253,254167	0,694800604784771
6255,125000	0,693956577890972
6256,995833	0,693112823592533
6258,866667	0,692270071108814
6260,737500	0,691429138616113
6262,608333	0,690591138137044
6264,479167	0,689757569274558
6266,350000	0,688929983663735
6268,220833	0,688110177530782
6270,091667	0,687300083198663
6271,962500	0,686501631204067
6273,833333	0,685716740848336
6275,704167	0,684947322883284
6277,575000	0,684195013043763
6279,445833	0,683461066860524
6281,316667	0,682746629211177
6283,187500	0,682052001438984
6285,058333	0,681376992305155
6286,929167	0,680721310549566
6288,800000	0,680084323006526
6290,670833	0,679465319169342
6292,541667	0,678863613639389
6294,412500	0,678278557406434
6296,283333	0,677709514188165
6298,154167	0,677155954823447
6300,025000	0,676617415779453
6301,895833	0,676093426043817
6303,766667	0,675583482220362
6305,637500	0,675087072351825
6307,508333	0,674603639900182
6309,379167	0,674132560582553
6311,250000	0,673673198235631
6313,120833	0,673224844909861
6314,991667	0,672786746525332
6316,862500	0,672358107698861
6318,733333	0,671937968695107
6320,604167	0,671525328175389
6322,475000	0,671119187224535
6324,345833	0,670718550789724
6326,216667	0,670322441334028
6328,087500	0,669930093244966
6329,958333	0,669540883718361
6331,829167	0,669154233847941
6333,700000	0,668769741041855
6335,570833	0,668387050916454
6337,441667	0,668005889709157
6339,312500	0,667626118440771
6341,183333	0,667247616961821
6343,054167	0,666870344365779
6344,925000	0,666494315730571
6346,795833	0,666119501132781
6348,666667	0,66574566230223
6350,537500	0,665372500757307
6352,408333	0,664999590751004
6354,279167	0,664626283285996
6356,150000	0,664251909474028
6358,020833	0,663875838701902
6359,891667	0,66349746870135
6361,762500	0,663116233096703
6363,633333	0,662731733201916
6365,504167	0,662343620707833
6367,375000	0,661951600697961
6369,245833	0,661555476552448
6371,116667	0,661155058131218
6372,987500	0,660750093226461
6374,858333	0,660340281456992
6376,729167	0,659925324973152
6378,600000	0,65950494498446
6380,470833	0,659078869101096
6382,341667	0,658646875906594
6384,212500	0,658208842525302
6386,083333	0,65776465647248
6387,954167	0,657314191136904
6389,825000	0,656857308417967
6391,695833	0,656393851533713
6393,566667	0,655923566396866
6395,437500	0,655446166798663
6397,308333	0,654961368259963
6399,179167	0,654468889854563
6401,050000	0,653968457020676
6402,920833	0,653459899188609
6404,791667	0,652943134409452
6406,662500	0,652418095582811
6408,533333	0,651884782884261
6410,404167	0,6513432197317
6412,275000	0,650793401213084
6414,145833	0,650235261927259
6416,016667	0,649668725734315
6417,887500	0,64909366038429
6419,758333	0,648509883530371
6421,629167	0,647917192997129
6423,500000	0,64731527972526
6425,370833	0,646703795657197
6427,241667	0,646082427264085
6429,112500	0,645450938573313
6430,983333	0,644809107452075
6432,854167	0,644156778971986
6434,725000	0,643493861064739
6436,595833	0,642820294010126
6438,466667	0,642136205200748
6440,337500	0,64144179466517
6442,208333	0,640737394072046
6444,079167	0,640023645095834
6445,950000	0,639301237967607
6447,820833	0,638570949513299
6449,691667	0,637833641410547
6451,562500	0,637090179580697
6453,433333	0,636341434493044
6455,304167	0,635588278338061
6457,175000	0,634831538342636
6459,045833	0,634071930211405
6460,916667	0,633310151302144
6462,787500	0,632546866290973
6464,658333	0,631782706306598
6466,529167	0,631018316136947
6468,400000	0,63025444675846
6470,270833	0,629491894546973
6472,141667	0,628731493267568
6474,012500	0,627974173816591
6475,883333	0,627220881102494
6477,754167	0,626472517041884
6479,625000	0,62572993732031
6481,495833	0,624993980160395
6483,366667	0,624265371434398
6485,237500	0,623544786591153
6487,108333	0,622832897537989
6488,979167	0,62213036711003
6490,850000	0,621437852344029
6492,720833	0,620755887765994
6494,591667	0,620084869885099
6496,462500	0,61942514550937
6498,333333	0,618776729567609
6500,204167	0,618139480440145
6502,075000	0,617513238209726
6503,945833	0,616897792687032
6505,816667	0,616292924644052
6507,687500	0,615698414852778
6509,558333	0,615114044085199
6511,429167	0,614539593113306
6513,300000	0,613974842709089
6515,170833	0,613419573644537
6517,041667	0,612873566691642
6518,912500	0,612336602622394
6520,783333	0,611808462208782
6522,654167	0,611288926222797
6524,525000	0,610777775436429
6526,395833	0,610274790621668
6528,266667	0,609779752550505
6530,137500	0,60929244199493
6532,008333	0,608812639726932
6533,879167	0,608340126518503
6535,750000	0,607874683141633
6537,620833	0,60741609036831
6539,491667	0,606964128970527
6541,362500	0,606518579720273
6543,233333	0,606079223389538
6545,104167	0,605645840750312
6546,975000	0,605218212574587
6548,845833	0,604796119634351
6550,716667	0,604379342701596
6552,587500	0,60396766254831
6554,458333	0,603560859946485
6556,329167	0,603158715668112
6558,200000	0,602761010485179
6560,070833	0,602367525169677
6561,941667	0,601978040493597
6563,812500	0,601592337228928
6565,683333	0,601210196147661
6567,554167	0,600831398021787
6569,425000	0,600455723623295
6571,295833	0,600082953724175
6573,166667	0,599712869096418
6575,037500	0,599345250512014
6576,908333	0,598979878742953
6578,779167	0,598616534561226
6580,650000	0,598254998738822
6582,520833	0,597895052047732
6584,391667	0,597536475259946
6586,262500	0,597179049147454
6588,133333	0,596822554482247
6590,004167	0,596466772036314
6591,875000	0,596111482581647
6593,745833	0,595756466890235
6595,616667	0,595401505734067
6597,487500	0,595046379885136
6599,358333	0,59469087011543
6601,229167	0,59433475719694
6603,100000	0,593977821901657
6604,970833	0,59361984500157
6606,841667	0,593260607268669
6608,712500	0,592899889474946
6610,583333	0,592537472392389
6612,454167	0,59217313679299
6614,325000	0,591806663448738
6616,195833	0,591437833131624
6618,066667	0,591066426613639
6619,937500	0,590692224666771
6621,808333	0,590315008063011
6623,679167	0,58993455757435
6625,550000	0,589550654367917
6627,420833	0,589163111724525
6629,291667	0,588771798251133
6631,162500	0,588376587781667
6633,033333	0,587977350766783
6634,904167	0,587573955195439
6636,775000	0,587166262606874
6638,645833	0,586754104708345
6640,516667	0,586337305165443
6642,387500	0,585915749320167
6644,258333	0,585489434033242
6646,129167	0,585058375330532
6648,000000	0,58462269893994
6649,870833	0,584182614249855
6651,741667	0,583738359061386
6653,612500	0,583290300688273
6655,483333	0,582838846375936
6657,354167	0,582384419153369
6659,225000	0,581927471989185
6661,095833	0,58146846268119
6662,966667	0,581007872538765
6664,837500	0,580546201661439
6666,708333	0,580083918018673
6668,579167	0,57962131988416
6670,450000	0,57915865013481
6672,320833	0,578696092169897
6674,191667	0,57823371088225
6676,062500	0,577771547799779
6677,933333	0,577309485712637
6679,804167	0,576847274482381
6681,675000	0,576384642922102
6683,545833	0,575921226863125
6685,416667	0,575456630631707
6687,287500	0,574990493794802
6689,158333	0,57452252977425
6691,029167	0,574052467826598
6692,900000	0,57358015755714
6694,770833	0,573105554162223
6696,641667	0,572628642765807
6698,512500	0,572149561154517
6700,383333	0,571668502097638
6702,254167	0,571185683376093
6704,125000	0,570701377656892
6705,995833	0,57021586835468
6707,866667	0,569729507130281
6709,737500	0,569242708375217
6711,608333	0,568755888498952
6713,479167	0,568269461989604
6715,350000	0,567783842417524
6717,220833	0,567299395347287
6719,091667	0,566816375278618
6720,962500	0,566335020112527
6722,833333	0,565855547590454
6724,704167	0,565378156041439
6726,575000	0,564903061587574
6728,445833	0,564430600611152
6730,316667	0,56396115737158
6732,187500	0,563495115284188
6734,058333	0,563032855410821
6735,929167	0,562574757752741
6737,800000	0,562121185734945
6739,670833	0,561672486061074
6741,541667	0,561228989686485
6743,412500	0,560790924818029
6745,283333	0,560358476574355
6747,154167	0,559931806413538
6749,025000	0,559511015593318
6750,895833	0,559096195267985
6752,766667	0,558687421166282
6754,637500	0,558284752715932
6756,508333	0,557888242043793
6758,379167	0,557497894045601
6760,250000	0,557113692801739
6762,120833	0,556735614074668
6763,991667	0,556363611456612
6765,862500	0,555997633598034
6767,733333	0,555637594502608
6769,604167	0,55528336981747
6771,475000	0,554934822790554
6773,345833	0,554591736808283
6775,216667	0,554253858246925
6777,087500	0,553920899622331
6778,958333	0,553592477945348
6780,829167	0,553268192637713
6782,700000	0,552947619740561
6784,570833	0,55263030817697
6786,441667	0,552315792522054
6788,312500	0,552003503043287
6790,183333	0,551692819279254
6792,054167	0,5513831377451
6793,925000	0,551073906707964
6795,795833	0,55076458632749
6797,666667	0,55045471293927
6799,537500	0,55014391545155
6801,408333	0,549831836719352
6803,279167	0,549518191711561
6805,150000	0,549202732260204
6807,020833	0,548885247464315
6808,891667	0,548565642863773
6810,762500	0,548243847541899
6812,633333	0,547919815766849
6814,504167	0,547593533877765
6816,375000	0,547264996756943
6818,245833	0,54693425845574
6820,116667	0,546601404775365
6821,987500	0,546266539591554
6823,858333	0,545929825780672
6825,729167	0,545591437710774
6827,600000	0,545251519302482
6829,470833	0,544910173842422
6831,341667	0,544567492542506
6833,212500	0,544223476658725
6835,083333	0,543878076781031
6836,954167	0,543531204349559
6838,825000	0,543182635740521
6840,695833	0,54283211572033
6842,566667	0,542479293354858
6844,437500	0,54212368383876
6846,308333	0,541764784321629
6848,179167	0,541402008464366
6850,050000	0,54103472058542
6851,920833	0,540662298554041
6853,791667	0,540284172637051
6855,662500	0,539899786956731
6857,533333	0,539508677302455
6859,404167	0,539110513894525
6861,275000	0,538704989992053
6863,145833	0,538291934681475
6865,016667	0,53787126126547
6866,887500	0,537442905668283
6868,758333	0,537006887015487
6870,629167	0,536563245175293
6872,500000	0,53611204884875
6874,370833	0,535653411074877
6876,241667	0,535187457674846
6878,112500	0,534714420337205
6879,983333	0,534234599595699
6881,854167	0,533748357600675
6883,725000	0,533256304829689
6885,595833	0,532759117960983
6887,466667	0,532257636863373
6889,337500	0,531752964605934
6891,208333	0,531246240682601
6893,079167	0,53073876195492
6894,950000	0,530231932591822
6896,820833	0,529727141202844
6898,691667	0,529225700003485
6900,562500	0,528728898170296
6902,433333	0,528237844234113
6904,304167	0,527753341070783
6906,175000	0,527276133511082
6908,045833	0,526806583873433
6909,916667	0,526344781029562
6911,787500	0,525890729864457
6913,658333	0,525444078298351
6915,529167	0,525004371634277
6917,400000	0,524571097445037
6919,270833	0,524143640813245
6921,141667	0,523721382658683
6923,012500	0,523303795497914
6924,883333	0,52289042048183
6926,754167	0,522480839401285
6928,625000	0,522074822120893
6930,495833	0,521672195607765
6932,366667	0,521272834315223
6934,237500	0,520876701180601
6936,108333	0,520483765189043
6937,979167	0,520093939533139
6939,850000	0,519707093592475
6941,720833	0,519323060290079
6943,591667	0,518941492901888
6945,462500	0,518561987064722
6947,333333	0,518184063767393
6949,204167	0,517807097953541
6951,075000	0,51743044662685
6952,945833	0,517053450148355
6954,816667	0,516675435184234
6956,687500	0,516295752702619
6958,558333	0,51591388650387
6960,429167	0,515529365464499
6962,300000	0,515141813484384
6964,170833	0,514751049735749
6966,041667	0,5143569249442
6967,912500	0,513959424407481
6969,783333	0,513558649448509
6971,654167	0,513154718065069
6973,525000	0,512747821341434
6975,395833	0,512338176171806
6977,266667	0,511926008990447
6979,137500	0,511511566775967
6981,008333	0,511095100377861
6982,879167	0,510676883646401
6984,750000	0,510257211208062
6986,620833	0,509836399449086
6988,491667	0,509414890778153
6990,362500	0,508993174380049
6992,233333	0,508571741572613
6994,104167	0,508151088341774
6995,975000	0,507731712821842
6997,845833	0,507314144530579
6999,716667	0,506898942683703
7001,587500	0,506486672121187
7003,458333	0,506077925938061
7005,329167	0,505673308157812
7007,200000	0,505273390995119
7009,070833	0,504878670657408
7010,941667	0,504489630936245
7012,812500	0,504106725904172
7014,683333	0,503730380172588
7016,554167	0,503361002695595
7018,425000	0,502998905934279
7020,295833	0,502644362545002
7022,166667	0,502297586998442
7024,037500	0,501958647926395
7025,908333	0,501627585628849
7027,779167	0,50130429750611
7029,650000	0,500988532558656
7031,520833	0,500680022192205
7033,391667	0,500378421965737
7035,262500	0,50008335460224
7037,133333	0,499794414168739
7039,004167	0,499511119330727
7040,875000	0,499232971580297
7042,745833	0,498959341705571
7044,616667	0,498689458298787
7046,487500	0,498422527930795
7048,358333	0,498157645606959
7050,229167	0,49789385566847
7052,100000	0,497630225656187
7053,970833	0,497365888380863
7055,841667	0,497099990433938
7057,712500	0,49683175259197
7059,583333	0,496560480184947
7061,454167	0,496285498948358
7063,325000	0,496006260327955
7065,195833	0,495722275836387
7067,066667	0,495433100358162
7068,937500	0,495138414811355
7070,808333	0,494837925410073
7072,679167	0,494531413718769
7074,550000	0,494218751282118
7076,420833	0,493899815707472
7078,291667	0,493574491205516
7080,162500	0,493242665301657
7082,033333	0,492904229677061
7083,904167	0,492559088769756
7085,775000	0,492207150528505
7087,645833	0,491848360693461
7089,516667	0,491482712292055
7091,387500	0,491110206354628
7093,258333	0,490730888824111
7095,129167	0,490344829307733
7097,000000	0,489952110130882
7098,870833	0,489552854324658
7100,741667	0,489147193643014
7102,612500	0,488735277905701
7104,483333	0,488317280621724
7106,354167	0,4878933701838
7108,225000	0,487463651076391
7110,095833	0,487028192432277
7111,966667	0,486587010413628
7113,837500	0,486139940686248
7115,708333	0,485686776784754
7117,579167	0,485227159758909
7119,450000	0,484760521088967
7121,320833	0,484286263532248
7123,191667	0,483803653380707
7125,062500	0,483311877716517
7126,933333	0,48281014103711
7128,804167	0,482297714392889
7130,675000	0,481773883187813
7132,545833	0,481237898218171
7134,416667	0,480688960419838
7136,287500	0,480126271740528
7138,158333	0,479549086724872
7140,029167	0,478956691949309
7141,900000	0,478348455013786
7143,770833	0,477724051072214
7145,641667	0,477083230992417
7147,512500	0,476425876716075
7149,383333	0,475752068185848
7151,254167	0,47506192453316
7153,125000	0,474355825780508
7154,995833	0,47363431860582
7156,866667	0,472898117738333
7158,737500	0,472148603730833
7160,608333	0,471387330526446
7162,479167	0,470616222623002
7164,350000	0,469837791558337
7166,220833	0,469054638147459
7168,091667	0,468269819390705
7169,962500	0,467486697879455
7171,833333	0,466708656064936
7173,704167	0,465939136868851
7175,575000	0,465181597213255
7177,445833	0,464439344172428
7179,316667	0,463715435799193
7181,187500	0,46301287648976
7183,058333	0,462334276205348
7184,929167	0,46168196788144
7186,800000	0,46105809298897
7188,670833	0,460463960682191
7190,541667	0,459900642632085
7192,412500	0,459368837956828
7194,283333	0,458868596171295
7196,154167	0,458399859587493
7198,025000	0,457961983116153
7199,895833	0,457553889212063
7201,766667	0,457174317005596
7203,637500	0,456821186242621
7205,508333	0,456492170555446
7207,379167	0,456184533930256
7209,250000	0,455894790703023
7211,120833	0,455619381462191
7212,991667	0,455354841511258
7214,862500	0,455097779236663
7216,733333	0,454844958010047
7218,604167	0,454593905176206
7220,475000	0,454342389881794
7222,345833	0,454088643965292
7224,216667	0,453831788173874
7226,087500	0,453571082715289
7227,958333	0,453306411275183
7229,829167	0,453038161673879
7231,700000	0,452766806501535
7233,570833	0,452493188781849
7235,441667	0,452218272692411
7237,312500	0,451942969523193
7239,183333	0,451668083690512
7241,054167	0,451394403106483
7242,925000	0,451122652399154
7244,795833	0,450853502580134
7246,666667	0,450587570362939
7248,537500	0,450325179887506
7250,408333	0,45006655329108
7252,279167	0,449811763712627
7254,150000	0,449560568589613
7256,020833	0,449312671607064
7257,891667	0,449067523909081
7259,762500	0,448824352471628
7261,633333	0,448582389973798
7263,504167	0,448340948330018
7265,375000	0,448099368847792
7267,245833	0,447857109030226
7269,116667	0,447613885212277
7270,987500	0,447369463507115
7272,858333	0,447123909874958
7274,729167	0,446877569114058
7276,600000	0,446630788215853
7278,470833	0,446383861995332
7280,341667	0,44613706500988
7282,212500	0,445890601129117
7284,083333	0,445644508703696
7285,954167	0,445398807841719
7287,825000	0,445153637864341
7289,695833	0,444909254229244
7291,566667	0,444665889181631
7293,437500	0,444423591014777
7295,308333	0,444182333748683
7297,179167	0,443942056733103
7299,050000	0,443702614385112
7300,920833	0,443463848217394
7302,791667	0,443225598454771
7304,662500	0,442987704007751
7306,533333	0,442750016294223
7308,404167	0,442512473977919
7310,275000	0,442275052733863
7312,145833	0,442037731453126
7314,016667	0,441800497018611
7315,887500	0,441563338289475
7317,758333	0,441326262282906
7319,629167	0,441089295429044
7321,500000	0,440852459879618
7323,370833	0,440615739371775
7325,241667	0,440379100521965
7327,112500	0,440142517184774
7328,983333	0,43990598318742
7330,854167	0,439669493795729
7332,725000	0,439432989107802
7334,595833	0,439196347432144
7336,466667	0,438959451497832
7338,337500	0,438722243873162
7340,208333	0,438484695188112
7342,079167	0,438246788827109
7343,950000	0,438008544373951
7345,820833	0,437769987966198
7347,691667	0,43753114854013
7349,562500	0,437292058316191
7351,433333	0,437052748069043
7353,304167	0,436813235099289
7355,175000	0,43657353006538
7357,045833	0,436333633507004
7358,916667	0,436093515463486
7360,787500	0,435853139069762
7362,658333	0,435612427714355
7364,529167	0,435371255916589
7366,400000	0,435129492635393
7368,270833	0,434886984439534
7370,141667	0,434643566303235
7372,012500	0,43439903588803
7373,883333	0,434153072093438
7375,754167	0,433905328747487
7377,625000	0,433655405007931
7379,495833	0,43340282959403
7381,366667	0,433147125040673
7383,237500	0,432887799619442
7385,108333	0,432624353858685
7386,979167	0,432356307143067
7388,850000	0,432083242552172
7390,720833	0,431804759580252
7392,591667	0,431520586627429
7394,462500	0,431230626159528
7396,333333	0,430934804145812
7398,204167	0,430633156997508
7400,075000	0,430325784083815
7401,945833	0,430012810404496
7403,816667	0,429694449285005
7405,687500	0,429370932885378
7407,558333	0,429042458077192
7409,429167	0,428709171783138
7411,300000	0,428371197269295
7413,170833	0,428028448946059
7415,041667	0,427680716296793
7416,912500	0,427327771350033
7418,783333	0,426969327119648
7420,654167	0,426605085535164
7422,525000	0,426234893823712
7424,395833	0,425858814830942
7426,266667	0,425476942052058
7428,137500	0,425089516553687
7430,008333	0,424696871999392
7431,879167	0,424299406548034
7433,750000	0,423897767270677
7435,620833	0,423492664684059
7437,491667	0,423084933245611
7439,362500	0,422675600284365
7441,233333	0,422265716924011
7443,104167	0,42185641925681
7444,975000	0,421448899290174
7446,845833	0,421044334426777
7448,716667	0,420643837169978
7450,587500	0,420248501979563
7452,458333	0,419859343297461
7454,329167	0,419477244957338
7456,200000	0,41910306517619
7458,070833	0,418737488972132
7459,941667	0,41838108185567
7461,812500	0,418034330646493
7463,683333	0,417697386935977
7465,554167	0,417370308377093
7467,425000	0,417052999175591
7469,295833	0,416745100765707
7471,166667	0,416446214606438
7473,037500	0,416155748577839
7474,908333	0,415872970536512
7476,779167	0,415597143536617
7478,650000	0,415327522828799
7480,520833	0,415063362341978
7482,391667	0,414804003006093
7484,262500	0,414548942108091
7486,133333	0,414297706753532
7488,004167	0,414050021452284
7489,875000	0,413805760377452
7491,745833	0,413564834122137
7493,616667	0,413327313195712
7495,487500	0,413093316863044
7497,358333	0,412862958637372
7499,229167	0,412636341158022
7501,100000	0,412413560355053
7502,970833	0,41219462575675
7504,841667	0,411979478242833
7506,712500	0,411768021977531
7508,583333	0,411559981390594
7510,454167	0,411355022578787
7512,325000	0,411152744960053
7514,195833	0,41095261590277
7516,066667	0,410754087510131
7517,937500	0,410556616548225
7519,808333	0,410359663665184
7521,679167	0,410162714906171
7523,550000	0,409965394069772
7525,420833	0,409767372051592
7527,291667	0,409568383290995
7529,162500	0,409368294397245
7531,033333	0,409166990671737
7532,904167	0,408964397398096
7534,775000	0,408760474735698
7536,645833	0,408555176249708
7538,516667	0,408348410822976
7540,387500	0,408140071359948
7542,258333	0,407930045754764
7544,129167	0,407718210987074
7546,000000	0,407504444216097
7547,870833	0,407288654507674
7549,741667	0,407070780085589
7551,612500	0,406850775869014
7553,483333	0,406628691778065
7555,354167	0,406404613510691
7557,225000	0,406178643210541
7559,095833	0,405950920684955
7560,966667	0,405721586174108
7562,837500	0,405490676853128
7564,708333	0,405258131227062
7566,579167	0,405023826555555
7568,450000	0,404787271912864
7570,320833	0,404547830163672
7572,191667	0,404304690439043
7574,062500	0,4040566226639
7575,933333	0,403802327274603
7577,804167	0,403540334026564
7579,675000	0,40326900149769
7581,545833	0,402986716768109
7583,416667	0,402692111514092
7585,287500	0,402383919886851
7587,158333	0,402061159354711
7589,029167	0,401723567257988
7590,900000	0,401371018344706
7592,770833	0,401004007422811
7594,641667	0,400623680753968
7596,512500	0,400231287976899
7598,383333	0,399828600007443
7600,254167	0,399417615868641
7602,125000	0,399000310517136
7603,995833	0,398578591893463
7605,866667	0,398154342481448
7607,737500	0,397729049686038
7609,608333	0,397303766067889
7611,479167	0,396879440282547
7613,350000	0,396456399690742
7615,220833	0,39603468568171
7617,091667	0,395614235190317
7618,962500	0,395194694953014
7620,833333	0,394775665766787
7622,704167	0,394356894167866
7624,575000	0,393938294746702
7626,445833	0,393519850284281
7628,316667	0,393102018701639
7630,187500	0,392685487733617
7632,058333	0,392271078602103
7633,929167	0,391860004469315
7635,800000	0,391453550828671
7637,670833	0,391053000407366
7639,541667	0,390659632590514
7641,412500	0,390274683633836
7643,283333	0,389899022327871
7645,154167	0,389533330770701
7647,025000	0,389178118414466
7648,895833	0,388833359104246
7650,766667	0,388498915286273
7652,637500	0,388174395097059
7654,508333	0,387859084718446
7656,379167	0,38755223535834
7658,250000	0,387252968460958
7660,120833	0,386960336274272
7661,991667	0,386673408872378
7663,862500	0,386391317256085
7665,733333	0,386113207128425
7667,604167	0,385838312257889
7669,475000	0,385565983253967
7671,345833	0,385295593469027
7673,216667	0,385026658005071
7675,087500	0,38475877132073
7676,958333	0,384491580744922
7678,829167	0,384224914431556
7680,700000	0,383958642629815
7682,570833	0,383692763732902
7684,441667	0,383427454336108
7686,312500	0,383162919748277
7688,183333	0,382899524890145
7690,054167	0,382637728449736
7691,925000	0,382377997468506
7693,795833	0,382120825235436
7695,666667	0,381866708835101
7697,537500	0,381616031807796
7699,408333	0,381369012161714
7701,279167	0,381125826772631
7703,150000	0,380886345850105
7705,020833	0,380650250596036
7706,891667	0,380417139377777
7708,762500	0,380186300847293
7710,633333	0,379956948119696
7712,504167	0,379728256605034
7714,375000	0,37949934407555
7716,245833	0,379269341483856
7718,116667	0,379037590128324
7719,987500	0,378803567283594
7721,858333	0,378566862533948
7723,729167	0,378327514499967
7725,600000	0,37808567703708
7727,470833	0,377841550283927
7729,341667	0,377595408582046
7731,212500	0,377347534748404
7733,083333	0,377098233943241
7734,954167	0,376847826472545
7736,825000	0,37659662179508
7738,695833	0,376344881433213
7740,566667	0,376092853274517
7742,437500	0,375840729468623
7744,308333	0,375588608420574
7746,179167	0,375336576253084
7748,050000	0,375084675270317
7749,920833	0,374832916635935
7751,791667	0,374581343077997
7753,662500	0,374330143710038
7755,533333	0,374079550801609
7757,404167	0,373829938212441
7759,275000	0,373581929686839
7761,145833	0,37333618843474
7763,016667	0,373093576764142
7764,887500	0,372855105295573
7766,758333	0,372621793647696
7768,629167	0,372394687599491
7770,500000	0,372174838068535
7772,370833	0,371963020040262
7774,241667	0,371759497328942
7776,112500	0,371564430891428
7777,983333	0,371377256628795
7779,854167	0,37119684439073
7781,725000	0,371021989886174
7783,595833	0,370851189816058
7785,466667	0,370682846910003
7787,337500	0,37051540574744
7789,208333	0,370347392380226
7791,079167	0,3701773552109
7792,950000	0,370004055740669
7794,820833	0,369826429803926
7796,691667	0,369643493452161
7798,562500	0,369454663704854
7800,433333	0,369259491869795
7802,304167	0,369057676632041
7804,175000	0,368849217592838
7806,045833	0,36863416051253
7807,916667	0,368412717749092
7809,787500	0,368185244462825
7811,658333	0,367952115458742
7813,529167	0,367713790240471
7815,400000	0,367470757792523
7817,270833	0,367223475449299
7819,141667	0,366972332535286
7821,012500	0,366717706246897
7822,883333	0,366459910257623
7824,754167	0,366199201194676
7826,625000	0,365935813462239
7828,495833	0,365669861172574
7830,366667	0,365401413757731
7832,237500	0,365130467854558
7834,108333	0,364856856004857
7835,979167	0,364580383164518
7837,850000	0,364300749024319
7839,720833	0,364017554240636
7841,591667	0,363730389549922
7843,462500	0,363438807467282
7845,333333	0,363142345745009
7847,204167	0,362840562528302
7849,075000	0,362533064424153
7850,945833	0,362219470176617
7852,816667	0,361899512983232
7854,687500	0,361573038844582
7856,558333	0,3612399337157
7858,429167	0,360900317683044
7860,300000	0,360554406542815
7862,170833	0,360202452649758
7864,041667	0,359844798892828
7865,912500	0,359481803241084
7867,783333	0,359113852658608
7869,654167	0,358741364046044
7871,525000	0,358364753651003
7873,395833	0,357984423421504
7875,266667	0,357600769102785
7877,137500	0,357214155285215
7879,008333	0,356824864795705
7880,879167	0,356433167481938
7882,750000	0,356039340717112
7884,620833	0,355643670014128
7886,491667	0,35524644863655
7888,362500	0,354848024598258
7890,233333	0,354448770685846
7892,104167	0,354049095564332
7893,975000	0,353649506768594
7895,845833	0,353250528126418
7897,716667	0,352852664459432
7899,587500	0,352456399052504
7901,458333	0,352062215740909
7903,329167	0,35167061187485
7905,200000	0,351282091255619
7907,070833	0,350897198795422
7908,941667	0,350516599009051
7910,812500	0,350140980160649
7912,683333	0,349771097702956
7914,554167	0,349407786855912
7916,425000	0,349051882551751
7918,295833	0,348704178489417
7920,166667	0,348365447785553
7922,037500	0,348036419624398
7923,908333	0,347717688868076
7925,779167	0,347409821581443
7927,650000	0,347113273435213
7929,520833	0,346828362772245
7931,391667	0,346555390230767
7933,262500	0,346294575484981
7935,133333	0,346046095817827
7937,004167	0,345810138102336
7938,875000	0,345586921423958
7940,745833	0,345376672392422
7942,616667	0,345179657798149
7944,487500	0,344996196811575
7946,358333	0,344826603915658
7948,229167	0,344671116159615
7950,100000	0,344529928015422
7951,970833	0,344403157966495
7953,841667	0,344290666953709
7955,712500	0,344192255796767
7957,583333	0,344107494359793
7959,454167	0,344035636951902
7961,325000	0,343975888345118
7963,195833	0,343927184372338
7965,066667	0,343888305699486
7966,937500	0,343858020569893
7968,808333	0,343835059305563
7970,679167	0,343818145912416
7972,550000	0,343806112156095
7974,420833	0,343797944141063
7976,291667	0,343792664683081
7978,162500	0,343789561545404
7980,033333	0,343788082881205
7981,904167	0,343787736853096
7983,775000	0,343788250689908
7985,645833	0,343789404255009
7987,516667	0,34379101708148
7989,387500	0,343792968273318
7991,258333	0,343795144224384
7993,129167	0,34379745844432
